converged SCF energy = -7.86166329397409
0.9885003939975093
0.9885003939975093
6×6 Matrix{Float64}:
 -2.3489        1.80006e-10   7.72724e-11  0.0       0.0        7.91151e-12
  1.80006e-10  -0.284759      7.26117e-9   0.0       0.0        4.77088e-10
  7.72724e-11   7.26117e-9    0.0781625    0.0       0.0       -3.21099e-9
  0.0           0.0           0.0          0.163944  0.0        0.0
  0.0           0.0           0.0          0.0       0.163944   0.0
  7.91146e-12   4.77088e-10  -3.21099e-9   0.0       0.0        0.54603
F_eh_p-matrix
6×6 Matrix{Float64}:
 -1.49421    0.0       0.0      -0.359558  -0.307507   -1.20884
  0.0       -1.13524   0.0       0.0        0.0         0.0
  0.0        0.0      -1.13524   0.0        0.0         0.0
 -0.359558   0.0       0.0      -1.81024   -0.889299   -0.453138
 -0.307507   0.0       0.0      -0.889299  -0.917849   -0.0102431
 -1.20884    0.0       0.0      -0.453138  -0.0102431  -4.59418
C_p-matrix
6×6 Matrix{Float64}:
 0.0790367  0.0  0.0   0.240292    0.967408    0.0115772
 0.0570782  0.0  0.0   0.0195633  -0.0214652   0.997947
 0.942923   0.0  0.0   0.291298   -0.148639   -0.0628387
 0.318422   0.0  0.0  -0.925755    0.20388     0.00432108
 0.0        1.0  0.0   0.0         0.0         0.0
 0.0        0.0  1.0   0.0         0.0         0.0
6×6 Matrix{Float64}:
 -0.0611757  -0.043975  -0.269509    0.311144    0.0        0.0
 -0.043975   -2.68276   -0.353118   -0.017673    0.0        0.0
 -0.269509   -0.353118  -0.259235   -0.0821134   0.0        0.0
  0.311144   -0.017673  -0.0821134  -0.127397    0.0        0.0
  0.0         0.0        0.0         0.0        -0.123149   0.0
  0.0         0.0        0.0         0.0         0.0       -0.123149
h_p-matrix
6×6 Matrix{Float64}:
 -2.09753    0.0       0.0       0.369547  -0.622633   -1.32578
  0.0       -1.13524   0.0       0.0        0.0         0.0
  0.0        0.0      -1.13524   0.0        0.0         0.0
  0.369547   0.0       0.0      -1.4858     0.480734   -0.335005
 -0.622633   0.0       0.0       0.480734  -0.712144    0.0921886
 -1.32578    0.0       0.0      -0.335005   0.0921886  -4.52101
C_p-matrix
6×6 Matrix{Float64}:
  0.270724   0.0  0.0  -0.248591    0.929915    0.0129984
  0.0825065  0.0  0.0   0.0258043  -0.0310406   0.995773
  0.929617   0.0  0.0   0.303561   -0.188218   -0.0907587
 -0.236038   0.0  0.0   0.91945     0.314433    0.00553249
  0.0        1.0  0.0   0.0         0.0         0.0
  0.0        0.0  1.0   0.0         0.0         0.0
6×6 Matrix{Float64}:
 -0.209052   -0.0369623  -0.273207    0.327176    0.0        0.0
 -0.0369623  -2.67659    -0.362251   -0.0200403   0.0        0.0
 -0.273207   -0.362251   -0.28735     0.0101964   0.0        0.0
  0.327176   -0.0200403   0.0101964  -0.123924    0.0        0.0
  0.0         0.0         0.0         0.0        -0.123219   0.0
  0.0         0.0         0.0         0.0         0.0       -0.123219
h_p-matrix
6×6 Matrix{Float64}:
 -2.01991    0.0       0.0       0.380411  -0.623086   -1.34803
  0.0       -1.13524   0.0       0.0        0.0         0.0
  0.0        0.0      -1.13524   0.0        0.0         0.0
  0.380411   0.0       0.0      -1.50799    0.55515    -0.237657
 -0.623086   0.0       0.0       0.55515   -0.767848    0.0746747
 -1.34803    0.0       0.0      -0.237657   0.0746747  -4.52073
C_p-matrix
6×6 Matrix{Float64}:
  0.234986   0.0  0.0  -0.238403    0.942219    0.0130235
  0.0847957  0.0  0.0   0.0189652  -0.0301127   0.995763
  0.952199   0.0  0.0   0.231263   -0.177704   -0.0908644
 -0.17581    0.0  0.0   0.943039    0.28238     0.00554973
  0.0        1.0  0.0   0.0         0.0         0.0
  0.0        0.0  1.0   0.0         0.0         0.0
6×6 Matrix{Float64}:
 -0.183504   -0.0364492  -0.273631     0.324981     0.0        0.0
 -0.0364492  -2.68171    -0.363859    -0.0196124    0.0        0.0
 -0.273631   -0.363859   -0.284073    -0.00295509   0.0        0.0
  0.324981   -0.0196124  -0.00295509  -0.121323     0.0        0.0
  0.0         0.0         0.0          0.0         -0.124631   0.0
  0.0         0.0         0.0          0.0          0.0       -0.124631
h_p-matrix
6×6 Matrix{Float64}:
 -2.03522    0.0       0.0       0.378878  -0.623832   -1.34402
  0.0       -1.13524   0.0       0.0        0.0         0.0
  0.0        0.0      -1.13524   0.0        0.0         0.0
  0.378878   0.0       0.0      -1.50384    0.540335   -0.257209
 -0.623832   0.0       0.0       0.540335  -0.75649     0.0781173
 -1.34402    0.0       0.0      -0.257209   0.0781173  -4.52094
C_p-matrix
6×6 Matrix{Float64}:
  0.241944   0.0  0.0  -0.240721    0.939865    0.0130132
  0.0843294  0.0  0.0   0.0203401  -0.0302862   0.99577
  0.948139   0.0  0.0   0.245855   -0.179848   -0.0907877
 -0.188106   0.0  0.0   0.93872     0.288774    0.00553857
  0.0        1.0  0.0   0.0         0.0         0.0
  0.0        0.0  1.0   0.0         0.0         0.0
6×6 Matrix{Float64}:
 -0.188832   -0.0362241  -0.273862      0.325062      0.0        0.0
 -0.0362241  -2.68088    -0.363714     -0.0196521     0.0        0.0
 -0.273862   -0.363714   -0.285484     -0.000182156   0.0        0.0
  0.325062   -0.0196521  -0.000182156  -0.12136       0.0        0.0
  0.0         0.0         0.0           0.0          -0.124474   0.0
  0.0         0.0         0.0           0.0           0.0       -0.124474
h_p-matrix
6×6 Matrix{Float64}:
 -2.03149    0.0       0.0       0.379381  -0.623585   -1.34501
  0.0       -1.13524   0.0       0.0        0.0         0.0
  0.0        0.0      -1.13524   0.0        0.0         0.0
  0.379381   0.0       0.0      -1.50499    0.543888   -0.252402
 -0.623585   0.0       0.0       0.543888  -0.759098    0.0773011
 -1.34501    0.0       0.0      -0.252402   0.0773011  -4.52091
C_p-matrix
6×6 Matrix{Float64}:
  0.240271   0.0  0.0  -0.24026     0.940412    0.0130147
  0.0844365  0.0  0.0   0.0200033  -0.0302434   0.995769
  0.949151   0.0  0.0   0.242288   -0.179346   -0.0907977
 -0.185076   0.0  0.0   0.939772    0.287306    0.00554122
  0.0        1.0  0.0   0.0         0.0         0.0
  0.0        0.0  1.0   0.0         0.0         0.0
6×6 Matrix{Float64}:
 -0.187759   -0.0362017  -0.27396       0.32485       0.0        0.0
 -0.0362017  -2.68105    -0.363707     -0.0196349     0.0        0.0
 -0.27396    -0.363707   -0.28551      -0.000752212   0.0        0.0
  0.32485    -0.0196349  -0.000752212  -0.121135      0.0        0.0
  0.0         0.0         0.0           0.0          -0.124545   0.0
  0.0         0.0         0.0           0.0           0.0       -0.124545
h_p-matrix
6×6 Matrix{Float64}:
 -2.03193    0.0       0.0       0.379367  -0.623566   -1.34489
  0.0       -1.13524   0.0       0.0        0.0         0.0
  0.0        0.0      -1.13524   0.0        0.0         0.0
  0.379367   0.0       0.0      -1.50491    0.543444   -0.252946
 -0.623566   0.0       0.0       0.543444  -0.758724    0.0774113
 -1.34489    0.0       0.0      -0.252946   0.0774113  -4.52092
C_p-matrix
6×6 Matrix{Float64}:
  0.240482   0.0  0.0  -0.240355    0.940334    0.0130142
  0.0844224  0.0  0.0   0.0200424  -0.0302487   0.995769
  0.949033   0.0  0.0   0.242699   -0.179415   -0.0907952
 -0.185411   0.0  0.0   0.939641    0.287519    0.00554069
  0.0        1.0  0.0   0.0         0.0         0.0
  0.0        0.0  1.0   0.0         0.0         0.0
6×6 Matrix{Float64}:
 -0.187983   -0.0361828  -0.27401       0.324797      0.0        0.0
 -0.0361828  -2.681      -0.363677     -0.019636      0.0        0.0
 -0.27401    -0.363677   -0.285655     -0.000640254   0.0        0.0
  0.324797   -0.019636   -0.000640254  -0.121075      0.0        0.0
  0.0         0.0         0.0           0.0          -0.124548   0.0
  0.0         0.0         0.0           0.0           0.0       -0.124548
h_p-matrix
6×6 Matrix{Float64}:
 -2.03168    0.0       0.0       0.379415  -0.623533  -1.34496
  0.0       -1.13524   0.0       0.0        0.0        0.0
  0.0        0.0      -1.13524   0.0        0.0        0.0
  0.379415   0.0       0.0      -1.505      0.543678  -0.252613
 -0.623533   0.0       0.0       0.543678  -0.75888    0.077361
 -1.34496    0.0       0.0      -0.252613   0.077361  -4.52092
C_p-matrix
6×6 Matrix{Float64}:
  0.240374   0.0  0.0  -0.240336    0.940367   0.0130142
  0.0844294  0.0  0.0   0.0200194  -0.030246   0.995769
  0.949102   0.0  0.0   0.242453   -0.179384  -0.0907957
 -0.185198   0.0  0.0   0.93971     0.287431   0.00554076
  0.0        1.0  0.0   0.0         0.0        0.0
  0.0        0.0  1.0   0.0         0.0        0.0
6×6 Matrix{Float64}:
 -0.187938   -0.0361764  -0.274034      0.32476       0.0        0.0
 -0.0361764  -2.68101    -0.363666     -0.0196349     0.0        0.0
 -0.274034   -0.363666   -0.285698     -0.000665943   0.0        0.0
  0.32476    -0.0196349  -0.000665943  -0.121035      0.0        0.0
  0.0         0.0         0.0           0.0          -0.124556   0.0
  0.0         0.0         0.0           0.0           0.0       -0.124556
h_p-matrix
6×6 Matrix{Float64}:
 -2.03166    0.0       0.0       0.379427  -0.623521   -1.34497
  0.0       -1.13524   0.0       0.0        0.0         0.0
  0.0        0.0      -1.13524   0.0        0.0         0.0
  0.379427   0.0       0.0      -1.50502    0.5437     -0.252572
 -0.623521   0.0       0.0       0.5437    -0.758887    0.0773578
 -1.34497    0.0       0.0      -0.252572   0.0773578  -4.52092
C_p-matrix
6×6 Matrix{Float64}:
  0.240364  0.0  0.0  -0.24034     0.940368    0.0130141
  0.08443   0.0  0.0   0.0200168  -0.0302457   0.995769
  0.94911   0.0  0.0   0.242423   -0.179383   -0.0907956
 -0.18517   0.0  0.0   0.939716    0.287428    0.00554073
  0.0       1.0  0.0   0.0         0.0         0.0
  0.0       0.0  1.0   0.0         0.0         0.0
6×6 Matrix{Float64}:
 -0.187948   -0.0361728  -0.274046      0.324745      0.0        0.0
 -0.0361728  -2.681      -0.363659     -0.0196347     0.0        0.0
 -0.274046   -0.363659   -0.285725     -0.000662062   0.0        0.0
  0.324745   -0.0196347  -0.000662062  -0.121018      0.0        0.0
  0.0         0.0         0.0           0.0          -0.124558   0.0
  0.0         0.0         0.0           0.0           0.0       -0.124558
h_p-matrix
6×6 Matrix{Float64}:
 -2.03162    0.0       0.0       0.379435  -0.623515   -1.34498
  0.0       -1.13524   0.0       0.0        0.0         0.0
  0.0        0.0      -1.13524   0.0        0.0         0.0
  0.379435   0.0       0.0      -1.50504    0.54373    -0.252527
 -0.623515   0.0       0.0       0.54373   -0.758905    0.0773518
 -1.34498    0.0       0.0      -0.252527   0.0773518  -4.52092
C_p-matrix
6×6 Matrix{Float64}:
  0.24035    0.0  0.0  -0.24034     0.940372    0.0130141
  0.0844309  0.0  0.0   0.0200137  -0.0302454   0.995769
  0.949119   0.0  0.0   0.24239    -0.179379   -0.0907956
 -0.185141   0.0  0.0   0.939725    0.287418    0.00554072
  0.0        1.0  0.0   0.0         0.0         0.0
  0.0        0.0  1.0   0.0         0.0         0.0
6×6 Matrix{Float64}:
 -0.187946   -0.0361711  -0.274052      0.324737      0.0        0.0
 -0.0361711  -2.681      -0.363656     -0.0196345     0.0        0.0
 -0.274052   -0.363656   -0.285737     -0.000663546   0.0        0.0
  0.324737   -0.0196345  -0.000663546  -0.121009      0.0        0.0
  0.0         0.0         0.0           0.0          -0.124559   0.0
  0.0         0.0         0.0           0.0           0.0       -0.124559
h_p-matrix
6×6 Matrix{Float64}:
 -2.03161    0.0       0.0       0.379439  -0.623512   -1.34498
  0.0       -1.13524   0.0       0.0        0.0         0.0
  0.0        0.0      -1.13524   0.0        0.0         0.0
  0.379439   0.0       0.0      -1.50504    0.543741   -0.25251
 -0.623512   0.0       0.0       0.543741  -0.758911    0.0773497
 -1.34498    0.0       0.0      -0.25251    0.0773497  -4.52092
C_p-matrix
6×6 Matrix{Float64}:
  0.240345   0.0  0.0  -0.24034     0.940373    0.0130141
  0.0844312  0.0  0.0   0.0200126  -0.0302453   0.995769
  0.949122   0.0  0.0   0.242378   -0.179378   -0.0907956
 -0.185129   0.0  0.0   0.939728    0.287415    0.00554072
  0.0        1.0  0.0   0.0         0.0         0.0
  0.0        0.0  1.0   0.0         0.0         0.0
6×6 Matrix{Float64}:
 -0.187947   -0.0361703  -0.274054     0.324733     0.0       0.0
 -0.0361703  -2.681      -0.363655    -0.0196345    0.0       0.0
 -0.274054   -0.363655   -0.285743    -0.00066358   0.0       0.0
  0.324733   -0.0196345  -0.00066358  -0.121005     0.0       0.0
  0.0         0.0         0.0          0.0         -0.12456   0.0
  0.0         0.0         0.0          0.0          0.0      -0.12456
h_p-matrix
6×6 Matrix{Float64}:
 -2.0316     0.0       0.0       0.379441  -0.62351    -1.34498
  0.0       -1.13524   0.0       0.0        0.0         0.0
  0.0        0.0      -1.13524   0.0        0.0         0.0
  0.379441   0.0       0.0      -1.50505    0.543747   -0.2525
 -0.62351    0.0       0.0       0.543747  -0.758914    0.0773486
 -1.34498    0.0       0.0      -0.2525     0.0773486  -4.52092
C_p-matrix
6×6 Matrix{Float64}:
  0.240342   0.0  0.0  -0.24034     0.940374    0.0130141
  0.0844314  0.0  0.0   0.0200119  -0.0302452   0.995769
  0.949124   0.0  0.0   0.242371   -0.179377   -0.0907956
 -0.185123   0.0  0.0   0.93973     0.287413    0.00554072
  0.0        1.0  0.0   0.0         0.0         0.0
  0.0        0.0  1.0   0.0         0.0         0.0
6×6 Matrix{Float64}:
 -0.187947   -0.0361699  -0.274056      0.324731      0.0       0.0
 -0.0361699  -2.681      -0.363654     -0.0196344     0.0       0.0
 -0.274056   -0.363654   -0.285746     -0.000663739   0.0       0.0
  0.324731   -0.0196344  -0.000663739  -0.121003      0.0       0.0
  0.0         0.0         0.0           0.0          -0.12456   0.0
  0.0         0.0         0.0           0.0           0.0      -0.12456
h_p-matrix
6×6 Matrix{Float64}:
 -2.0316     0.0       0.0       0.379442  -0.62351   -1.34498
  0.0       -1.13524   0.0       0.0        0.0        0.0
  0.0        0.0      -1.13524   0.0        0.0        0.0
  0.379442   0.0       0.0      -1.50505    0.54375   -0.252496
 -0.62351    0.0       0.0       0.54375   -0.758916   0.077348
 -1.34498    0.0       0.0      -0.252496   0.077348  -4.52092
C_p-matrix
6×6 Matrix{Float64}:
  0.240341   0.0  0.0  -0.24034     0.940374    0.0130141
  0.0844315  0.0  0.0   0.0200116  -0.0302452   0.995769
  0.949125   0.0  0.0   0.242368   -0.179377   -0.0907956
 -0.18512    0.0  0.0   0.939731    0.287412    0.00554072
  0.0        1.0  0.0   0.0         0.0         0.0
  0.0        0.0  1.0   0.0         0.0         0.0
6×6 Matrix{Float64}:
 -0.187947   -0.0361697  -0.274056      0.32473       0.0        0.0
 -0.0361697  -2.681      -0.363654     -0.0196344     0.0        0.0
 -0.274056   -0.363654   -0.285747     -0.000663788   0.0        0.0
  0.32473    -0.0196344  -0.000663788  -0.121002      0.0        0.0
  0.0         0.0         0.0           0.0          -0.124561   0.0
  0.0         0.0         0.0           0.0           0.0       -0.124561
h_p-matrix
6×6 Matrix{Float64}:
 -2.0316     0.0       0.0       0.379442  -0.623509   -1.34498
  0.0       -1.13524   0.0       0.0        0.0         0.0
  0.0        0.0      -1.13524   0.0        0.0         0.0
  0.379442   0.0       0.0      -1.50505    0.543752   -0.252494
 -0.623509   0.0       0.0       0.543752  -0.758917    0.0773477
 -1.34498    0.0       0.0      -0.252494   0.0773477  -4.52092
C_p-matrix
6×6 Matrix{Float64}:
  0.24034    0.0  0.0  -0.24034     0.940374    0.0130141
  0.0844315  0.0  0.0   0.0200115  -0.0302451   0.995769
  0.949125   0.0  0.0   0.242366   -0.179376   -0.0907956
 -0.185119   0.0  0.0   0.939731    0.287411    0.00554072
  0.0        1.0  0.0   0.0         0.0         0.0
  0.0        0.0  1.0   0.0         0.0         0.0
6×6 Matrix{Float64}:
 -0.187947   -0.0361696  -0.274057      0.324729      0.0        0.0
 -0.0361696  -2.681      -0.363654     -0.0196344     0.0        0.0
 -0.274057   -0.363654   -0.285748     -0.000663818   0.0        0.0
  0.324729   -0.0196344  -0.000663818  -0.121001      0.0        0.0
  0.0         0.0         0.0           0.0          -0.124561   0.0
  0.0         0.0         0.0           0.0           0.0       -0.124561
h_p-matrix
6×6 Matrix{Float64}:
 -2.0316     0.0       0.0       0.379442  -0.623509   -1.34498
  0.0       -1.13524   0.0       0.0        0.0         0.0
  0.0        0.0      -1.13524   0.0        0.0         0.0
  0.379442   0.0       0.0      -1.50505    0.543752   -0.252493
 -0.623509   0.0       0.0       0.543752  -0.758917    0.0773476
 -1.34498    0.0       0.0      -0.252493   0.0773476  -4.52092
C_p-matrix
6×6 Matrix{Float64}:
  0.24034    0.0  0.0  -0.24034     0.940374    0.0130141
  0.0844315  0.0  0.0   0.0200114  -0.0302451   0.995769
  0.949126   0.0  0.0   0.242365   -0.179376   -0.0907956
 -0.185118   0.0  0.0   0.939731    0.287411    0.00554072
  0.0        1.0  0.0   0.0         0.0         0.0
  0.0        0.0  1.0   0.0         0.0         0.0
6×6 Matrix{Float64}:
 -0.187947   -0.0361696  -0.274057      0.324729      0.0        0.0
 -0.0361696  -2.681      -0.363654     -0.0196344     0.0        0.0
 -0.274057   -0.363654   -0.285748     -0.000663831   0.0        0.0
  0.324729   -0.0196344  -0.000663831  -0.121001      0.0        0.0
  0.0         0.0         0.0           0.0          -0.124561   0.0
  0.0         0.0         0.0           0.0           0.0       -0.124561
h_p-matrix
6×6 Matrix{Float64}:
 -2.0316     0.0       0.0       0.379443  -0.623509   -1.34498
  0.0       -1.13524   0.0       0.0        0.0         0.0
  0.0        0.0      -1.13524   0.0        0.0         0.0
  0.379443   0.0       0.0      -1.50505    0.543753   -0.252492
 -0.623509   0.0       0.0       0.543753  -0.758917    0.0773475
 -1.34498    0.0       0.0      -0.252492   0.0773475  -4.52092
C_p-matrix
6×6 Matrix{Float64}:
  0.24034    0.0  0.0  -0.24034     0.940374    0.0130141
  0.0844316  0.0  0.0   0.0200114  -0.0302451   0.995769
  0.949126   0.0  0.0   0.242365   -0.179376   -0.0907956
 -0.185118   0.0  0.0   0.939732    0.287411    0.00554072
  0.0        1.0  0.0   0.0         0.0         0.0
  0.0        0.0  1.0   0.0         0.0         0.0
6×6 Matrix{Float64}:
 -0.187947   -0.0361695  -0.274057      0.324729      0.0        0.0
 -0.0361695  -2.681      -0.363654     -0.0196344     0.0        0.0
 -0.274057   -0.363654   -0.285748     -0.000663838   0.0        0.0
  0.324729   -0.0196344  -0.000663838  -0.121001      0.0        0.0
  0.0         0.0         0.0           0.0          -0.124561   0.0
  0.0         0.0         0.0           0.0           0.0       -0.124561
h_p-matrix
6×6 Matrix{Float64}:
 -2.0316     0.0       0.0       0.379443  -0.623509   -1.34498
  0.0       -1.13524   0.0       0.0        0.0         0.0
  0.0        0.0      -1.13524   0.0        0.0         0.0
  0.379443   0.0       0.0      -1.50505    0.543753   -0.252492
 -0.623509   0.0       0.0       0.543753  -0.758917    0.0773475
 -1.34498    0.0       0.0      -0.252492   0.0773475  -4.52092
C_p-matrix
6×6 Matrix{Float64}:
  0.24034    0.0  0.0  -0.24034     0.940375    0.0130141
  0.0844316  0.0  0.0   0.0200114  -0.0302451   0.995769
  0.949126   0.0  0.0   0.242365   -0.179376   -0.0907956
 -0.185118   0.0  0.0   0.939732    0.287411    0.00554072
  0.0        1.0  0.0   0.0         0.0         0.0
  0.0        0.0  1.0   0.0         0.0         0.0
6×6 Matrix{Float64}:
 -0.187947   -0.0361695  -0.274057      0.324729      0.0        0.0
 -0.0361695  -2.681      -0.363654     -0.0196344     0.0        0.0
 -0.274057   -0.363654   -0.285748     -0.000663841   0.0        0.0
  0.324729   -0.0196344  -0.000663841  -0.121001      0.0        0.0
  0.0         0.0         0.0           0.0          -0.124561   0.0
  0.0         0.0         0.0           0.0           0.0       -0.124561
h_p-matrix
6×6 Matrix{Float64}:
 -2.0316     0.0       0.0       0.379443  -0.623509   -1.34498
  0.0       -1.13524   0.0       0.0        0.0         0.0
  0.0        0.0      -1.13524   0.0        0.0         0.0
  0.379443   0.0       0.0      -1.50505    0.543753   -0.252492
 -0.623509   0.0       0.0       0.543753  -0.758917    0.0773475
 -1.34498    0.0       0.0      -0.252492   0.0773475  -4.52092
C_p-matrix
6×6 Matrix{Float64}:
  0.24034    0.0  0.0  -0.24034     0.940375    0.0130141
  0.0844316  0.0  0.0   0.0200113  -0.0302451   0.995769
  0.949126   0.0  0.0   0.242365   -0.179376   -0.0907956
 -0.185118   0.0  0.0   0.939732    0.287411    0.00554072
  0.0        1.0  0.0   0.0         0.0         0.0
  0.0        0.0  1.0   0.0         0.0         0.0
6×6 Matrix{Float64}:
 -0.187947   -0.0361695  -0.274057      0.324729      0.0        0.0
 -0.0361695  -2.681      -0.363654     -0.0196344     0.0        0.0
 -0.274057   -0.363654   -0.285748     -0.000663843   0.0        0.0
  0.324729   -0.0196344  -0.000663843  -0.121001      0.0        0.0
  0.0         0.0         0.0           0.0          -0.124561   0.0
  0.0         0.0         0.0           0.0           0.0       -0.124561
h_p-matrix
6×6 Matrix{Float64}:
 -2.0316     0.0       0.0       0.379443  -0.623509   -1.34498
  0.0       -1.13524   0.0       0.0        0.0         0.0
  0.0        0.0      -1.13524   0.0        0.0         0.0
  0.379443   0.0       0.0      -1.50505    0.543753   -0.252492
 -0.623509   0.0       0.0       0.543753  -0.758917    0.0773475
 -1.34498    0.0       0.0      -0.252492   0.0773475  -4.52092
C_p-matrix
6×6 Matrix{Float64}:
  0.24034    0.0  0.0  -0.24034     0.940375    0.0130141
  0.0844316  0.0  0.0   0.0200113  -0.0302451   0.995769
  0.949126   0.0  0.0   0.242365   -0.179376   -0.0907956
 -0.185118   0.0  0.0   0.939732    0.287411    0.00554072
  0.0        1.0  0.0   0.0         0.0         0.0
  0.0        0.0  1.0   0.0         0.0         0.0
6×6 Matrix{Float64}:
 -0.187947   -0.0361695  -0.274057      0.324729      0.0        0.0
 -0.0361695  -2.681      -0.363654     -0.0196344     0.0        0.0
 -0.274057   -0.363654   -0.285748     -0.000663843   0.0        0.0
  0.324729   -0.0196344  -0.000663843  -0.121001      0.0        0.0
  0.0         0.0         0.0           0.0          -0.124561   0.0
  0.0         0.0         0.0           0.0           0.0       -0.124561
h_p-matrix
6×6 Matrix{Float64}:
 -2.0316     0.0       0.0       0.379443  -0.623509   -1.34498
  0.0       -1.13524   0.0       0.0        0.0         0.0
  0.0        0.0      -1.13524   0.0        0.0         0.0
  0.379443   0.0       0.0      -1.50505    0.543753   -0.252492
 -0.623509   0.0       0.0       0.543753  -0.758917    0.0773475
 -1.34498    0.0       0.0      -0.252492   0.0773475  -4.52092
C_p-matrix
6×6 Matrix{Float64}:
  0.24034    0.0  0.0  -0.24034     0.940375    0.0130141
  0.0844316  0.0  0.0   0.0200113  -0.0302451   0.995769
  0.949126   0.0  0.0   0.242365   -0.179376   -0.0907956
 -0.185118   0.0  0.0   0.939732    0.287411    0.00554072
  0.0        1.0  0.0   0.0         0.0         0.0
  0.0        0.0  1.0   0.0         0.0         0.0
6×6 Matrix{Float64}:
 -0.187947   -0.0361695  -0.274057      0.324729      0.0        0.0
 -0.0361695  -2.681      -0.363654     -0.0196344     0.0        0.0
 -0.274057   -0.363654   -0.285748     -0.000663844   0.0        0.0
  0.324729   -0.0196344  -0.000663844  -0.121001      0.0        0.0
  0.0         0.0         0.0           0.0          -0.124561   0.0
  0.0         0.0         0.0           0.0           0.0       -0.124561
h_p-matrix
6×6 Matrix{Float64}:
 -2.0316     0.0       0.0       0.379443  -0.623509   -1.34498
  0.0       -1.13524   0.0       0.0        0.0         0.0
  0.0        0.0      -1.13524   0.0        0.0         0.0
  0.379443   0.0       0.0      -1.50505    0.543753   -0.252492
 -0.623509   0.0       0.0       0.543753  -0.758917    0.0773475
 -1.34498    0.0       0.0      -0.252492   0.0773475  -4.52092
C_p-matrix
6×6 Matrix{Float64}:
  0.24034    0.0  0.0  -0.24034     0.940375    0.0130141
  0.0844316  0.0  0.0   0.0200113  -0.0302451   0.995769
  0.949126   0.0  0.0   0.242365   -0.179376   -0.0907956
 -0.185118   0.0  0.0   0.939732    0.287411    0.00554072
  0.0        1.0  0.0   0.0         0.0         0.0
  0.0        0.0  1.0   0.0         0.0         0.0
6×6 Matrix{Float64}:
 -0.187947   -0.0361695  -0.274057      0.324729      0.0        0.0
 -0.0361695  -2.681      -0.363654     -0.0196344     0.0        0.0
 -0.274057   -0.363654   -0.285748     -0.000663844   0.0        0.0
  0.324729   -0.0196344  -0.000663844  -0.121001      0.0        0.0
  0.0         0.0         0.0           0.0          -0.124561   0.0
  0.0         0.0         0.0           0.0           0.0       -0.124561
h_p-matrix
6×6 Matrix{Float64}:
 -2.0316     0.0       0.0       0.379443  -0.623509   -1.34498
  0.0       -1.13524   0.0       0.0        0.0         0.0
  0.0        0.0      -1.13524   0.0        0.0         0.0
  0.379443   0.0       0.0      -1.50505    0.543753   -0.252492
 -0.623509   0.0       0.0       0.543753  -0.758917    0.0773475
 -1.34498    0.0       0.0      -0.252492   0.0773475  -4.52092
C_p-matrix
6×6 Matrix{Float64}:
  0.24034    0.0  0.0  -0.24034     0.940375    0.0130141
  0.0844316  0.0  0.0   0.0200113  -0.0302451   0.995769
  0.949126   0.0  0.0   0.242365   -0.179376   -0.0907956
 -0.185118   0.0  0.0   0.939732    0.287411    0.00554072
  0.0        1.0  0.0   0.0         0.0         0.0
  0.0        0.0  1.0   0.0         0.0         0.0
6×6 Matrix{Float64}:
 -0.187947   -0.0361695  -0.274057      0.324729      0.0        0.0
 -0.0361695  -2.681      -0.363654     -0.0196344     0.0        0.0
 -0.274057   -0.363654   -0.285748     -0.000663844   0.0        0.0
  0.324729   -0.0196344  -0.000663844  -0.121001      0.0        0.0
  0.0         0.0         0.0           0.0          -0.124561   0.0
  0.0         0.0         0.0           0.0           0.0       -0.124561
h_p-matrix
6×6 Matrix{Float64}:
 -2.0316     0.0       0.0       0.379443  -0.623509   -1.34498
  0.0       -1.13524   0.0       0.0        0.0         0.0
  0.0        0.0      -1.13524   0.0        0.0         0.0
  0.379443   0.0       0.0      -1.50505    0.543753   -0.252492
 -0.623509   0.0       0.0       0.543753  -0.758917    0.0773475
 -1.34498    0.0       0.0      -0.252492   0.0773475  -4.52092
C_p-matrix
6×6 Matrix{Float64}:
  0.24034    0.0  0.0  -0.24034     0.940375    0.0130141
  0.0844316  0.0  0.0   0.0200113  -0.0302451   0.995769
  0.949126   0.0  0.0   0.242365   -0.179376   -0.0907956
 -0.185118   0.0  0.0   0.939732    0.287411    0.00554072
  0.0        1.0  0.0   0.0         0.0         0.0
  0.0        0.0  1.0   0.0         0.0         0.0
6×6 Matrix{Float64}:
 -0.187947   -0.0361695  -0.274057      0.324729      0.0        0.0
 -0.0361695  -2.681      -0.363654     -0.0196344     0.0        0.0
 -0.274057   -0.363654   -0.285748     -0.000663844   0.0        0.0
  0.324729   -0.0196344  -0.000663844  -0.121001      0.0        0.0
  0.0         0.0         0.0           0.0          -0.124561   0.0
  0.0         0.0         0.0           0.0           0.0       -0.124561
h_p-matrix
6×6 Matrix{Float64}:
 -2.0316     0.0       0.0       0.379443  -0.623509   -1.34498
  0.0       -1.13524   0.0       0.0        0.0         0.0
  0.0        0.0      -1.13524   0.0        0.0         0.0
  0.379443   0.0       0.0      -1.50505    0.543753   -0.252492
 -0.623509   0.0       0.0       0.543753  -0.758917    0.0773475
 -1.34498    0.0       0.0      -0.252492   0.0773475  -4.52092
C_p-matrix
6×6 Matrix{Float64}:
  0.24034    0.0  0.0  -0.24034     0.940375    0.0130141
  0.0844316  0.0  0.0   0.0200113  -0.0302451   0.995769
  0.949126   0.0  0.0   0.242365   -0.179376   -0.0907956
 -0.185118   0.0  0.0   0.939732    0.287411    0.00554072
  0.0        1.0  0.0   0.0         0.0         0.0
  0.0        0.0  1.0   0.0         0.0         0.0
6×6 Matrix{Float64}:
 -0.187947   -0.0361695  -0.274057      0.324729      0.0        0.0
 -0.0361695  -2.681      -0.363654     -0.0196344     0.0        0.0
 -0.274057   -0.363654   -0.285748     -0.000663844   0.0        0.0
  0.324729   -0.0196344  -0.000663844  -0.121001      0.0        0.0
  0.0         0.0         0.0           0.0          -0.124561   0.0
  0.0         0.0         0.0           0.0           0.0       -0.124561
h_p-matrix
6×6 Matrix{Float64}:
 -2.0316     0.0       0.0       0.379443  -0.623509   -1.34498
  0.0       -1.13524   0.0       0.0        0.0         0.0
  0.0        0.0      -1.13524   0.0        0.0         0.0
  0.379443   0.0       0.0      -1.50505    0.543753   -0.252492
 -0.623509   0.0       0.0       0.543753  -0.758917    0.0773475
 -1.34498    0.0       0.0      -0.252492   0.0773475  -4.52092
C_p-matrix
6×6 Matrix{Float64}:
  0.24034    0.0  0.0  -0.24034     0.940375    0.0130141
  0.0844316  0.0  0.0   0.0200113  -0.0302451   0.995769
  0.949126   0.0  0.0   0.242365   -0.179376   -0.0907956
 -0.185118   0.0  0.0   0.939732    0.287411    0.00554072
  0.0        1.0  0.0   0.0         0.0         0.0
  0.0        0.0  1.0   0.0         0.0         0.0
6×6 Matrix{Float64}:
 -0.187947   -0.0361695  -0.274057      0.324729      0.0        0.0
 -0.0361695  -2.681      -0.363654     -0.0196344     0.0        0.0
 -0.274057   -0.363654   -0.285748     -0.000663844   0.0        0.0
  0.324729   -0.0196344  -0.000663844  -0.121001      0.0        0.0
  0.0         0.0         0.0           0.0          -0.124561   0.0
  0.0         0.0         0.0           0.0           0.0       -0.124561
h_p-matrix
6×6 Matrix{Float64}:
 -2.0316     0.0       0.0       0.379443  -0.623509   -1.34498
  0.0       -1.13524   0.0       0.0        0.0         0.0
  0.0        0.0      -1.13524   0.0        0.0         0.0
  0.379443   0.0       0.0      -1.50505    0.543753   -0.252492
 -0.623509   0.0       0.0       0.543753  -0.758917    0.0773475
 -1.34498    0.0       0.0      -0.252492   0.0773475  -4.52092
C_p-matrix
6×6 Matrix{Float64}:
  0.24034    0.0  0.0  -0.24034     0.940375    0.0130141
  0.0844316  0.0  0.0   0.0200113  -0.0302451   0.995769
  0.949126   0.0  0.0   0.242365   -0.179376   -0.0907956
 -0.185118   0.0  0.0   0.939732    0.287411    0.00554072
  0.0        1.0  0.0   0.0         0.0         0.0
  0.0        0.0  1.0   0.0         0.0         0.0
6×6 Matrix{Float64}:
 -0.187947   -0.0361695  -0.274057      0.324729      0.0        0.0
 -0.0361695  -2.681      -0.363654     -0.0196344     0.0        0.0
 -0.274057   -0.363654   -0.285748     -0.000663844   0.0        0.0
  0.324729   -0.0196344  -0.000663844  -0.121001      0.0        0.0
  0.0         0.0         0.0           0.0          -0.124561   0.0
  0.0         0.0         0.0           0.0           0.0       -0.124561
h_p-matrix
6×6 Matrix{Float64}:
 -2.0316     0.0       0.0       0.379443  -0.623509   -1.34498
  0.0       -1.13524   0.0       0.0        0.0         0.0
  0.0        0.0      -1.13524   0.0        0.0         0.0
  0.379443   0.0       0.0      -1.50505    0.543753   -0.252492
 -0.623509   0.0       0.0       0.543753  -0.758917    0.0773475
 -1.34498    0.0       0.0      -0.252492   0.0773475  -4.52092
C_p-matrix
6×6 Matrix{Float64}:
  0.24034    0.0  0.0  -0.24034     0.940375    0.0130141
  0.0844316  0.0  0.0   0.0200113  -0.0302451   0.995769
  0.949126   0.0  0.0   0.242365   -0.179376   -0.0907956
 -0.185118   0.0  0.0   0.939732    0.287411    0.00554072
  0.0        1.0  0.0   0.0         0.0         0.0
  0.0        0.0  1.0   0.0         0.0         0.0
6×6 Matrix{Float64}:
 -0.187947   -0.0361695  -0.274057      0.324729      0.0        0.0
 -0.0361695  -2.681      -0.363654     -0.0196344     0.0        0.0
 -0.274057   -0.363654   -0.285748     -0.000663844   0.0        0.0
  0.324729   -0.0196344  -0.000663844  -0.121001      0.0        0.0
  0.0         0.0         0.0           0.0          -0.124561   0.0
  0.0         0.0         0.0           0.0           0.0       -0.124561
h_p-matrix
6×6 Matrix{Float64}:
 -2.0316     0.0       0.0       0.379443  -0.623509   -1.34498
  0.0       -1.13524   0.0       0.0        0.0         0.0
  0.0        0.0      -1.13524   0.0        0.0         0.0
  0.379443   0.0       0.0      -1.50505    0.543753   -0.252492
 -0.623509   0.0       0.0       0.543753  -0.758917    0.0773475
 -1.34498    0.0       0.0      -0.252492   0.0773475  -4.52092
C_p-matrix
6×6 Matrix{Float64}:
  0.24034    0.0  0.0  -0.24034     0.940375    0.0130141
  0.0844316  0.0  0.0   0.0200113  -0.0302451   0.995769
  0.949126   0.0  0.0   0.242365   -0.179376   -0.0907956
                #0        #1        #2        #3        #4       
0 H 1s           0.00422   0.54943  -0.14061   0.00000   0.00000
1 Li 1s          0.99126  -0.16670  -0.21012   0.00000   0.00000
1 Li 2s          0.03274   0.45577   0.79946   0.00000   0.00000
1 Li 2px         0.00626  -0.34581   0.61199   0.00000   0.00000
1 Li 2py        -0.00000   0.00000   0.00000   1.00000   0.00000
1 Li 2pz         0.00000   0.00000   0.00000   0.00000   1.00000
               #5       
0 H 1s           1.18161
1 Li 1s          0.09417
1 Li 2s         -0.70029
1 Li 2px         0.97764
1 Li 2py         0.00000
1 Li 2pz         0.00000
-0.185118   0.0  0.0   0.939732    0.287411    0.00554072
  0.0        1.0  0.0   0.0         0.0         0.0
  0.0        0.0  1.0   0.0         0.0         0.0
6×6 Matrix{Float64}:
 -0.187947   -0.0361695  -0.274057      0.324729      0.0        0.0
 -0.0361695  -2.681      -0.363654     -0.0196344     0.0        0.0
 -0.274057   -0.363654   -0.285748     -0.000663844   0.0        0.0
  0.324729   -0.0196344  -0.000663844  -0.121001      0.0        0.0
  0.0         0.0         0.0           0.0          -0.124561   0.0
  0.0         0.0         0.0           0.0           0.0       -0.124561
h_p-matrix
6×6 Matrix{Float64}:
 -2.0316     0.0       0.0       0.379443  -0.623509   -1.34498
  0.0       -1.13524   0.0       0.0        0.0         0.0
  0.0        0.0      -1.13524   0.0        0.0         0.0
  0.379443   0.0       0.0      -1.50505    0.543753   -0.252492
 -0.623509   0.0       0.0       0.543753  -0.758917    0.0773475
 -1.34498    0.0       0.0      -0.252492   0.0773475  -4.52092
C_p-matrix
6×6 Matrix{Float64}:
  0.24034    0.0  0.0  -0.24034     0.940375    0.0130141
  0.0844316  0.0  0.0   0.0200113  -0.0302451   0.995769
  0.949126   0.0  0.0   0.242365   -0.179376   -0.0907956
 -0.185118   0.0  0.0   0.939732    0.287411    0.00554072
  0.0        1.0  0.0   0.0         0.0         0.0
  0.0        0.0  1.0   0.0         0.0         0.0
6×6 Matrix{Float64}:
 -0.187947   -0.0361695  -0.274057      0.324729      0.0        0.0
 -0.0361695  -2.681      -0.363654     -0.0196344     0.0        0.0
 -0.274057   -0.363654   -0.285748     -0.000663844   0.0        0.0
  0.324729   -0.0196344  -0.000663844  -0.121001      0.0        0.0
  0.0         0.0         0.0           0.0          -0.124561   0.0
  0.0         0.0         0.0           0.0           0.0       -0.124561
h_p-matrix
6×6 Matrix{Float64}:
 -2.0316     0.0       0.0       0.379443  -0.623509   -1.34498
  0.0       -1.13524   0.0       0.0        0.0         0.0
  0.0        0.0      -1.13524   0.0        0.0         0.0
  0.379443   0.0       0.0      -1.50505    0.543753   -0.252492
 -0.623509   0.0       0.0       0.543753  -0.758917    0.0773475
 -1.34498    0.0       0.0      -0.252492   0.0773475  -4.52092
C_p-matrix
6×6 Matrix{Float64}:
  0.24034    0.0  0.0  -0.24034     0.940375    0.0130141
  0.0844316  0.0  0.0   0.0200113  -0.0302451   0.995769
  0.949126   0.0  0.0   0.242365   -0.179376   -0.0907956
 -0.185118   0.0  0.0   0.939732    0.287411    0.00554072
  0.0        1.0  0.0   0.0         0.0         0.0
  0.0        0.0  1.0   0.0         0.0         0.0
6×6 Matrix{Float64}:
 -0.187947   -0.0361695  -0.274057      0.324729      0.0        0.0
 -0.0361695  -2.681      -0.363654     -0.0196344     0.0        0.0
 -0.274057   -0.363654   -0.285748     -0.000663844   0.0        0.0
  0.324729   -0.0196344  -0.000663844  -0.121001      0.0        0.0
  0.0         0.0         0.0           0.0          -0.124561   0.0
  0.0         0.0         0.0           0.0           0.0       -0.124561
h_p-matrix
6×6 Matrix{Float64}:
 -2.0316     0.0       0.0       0.379443  -0.623509   -1.34498
  0.0       -1.13524   0.0       0.0        0.0         0.0
  0.0        0.0      -1.13524   0.0        0.0         0.0
  0.379443   0.0       0.0      -1.50505    0.543753   -0.252492
 -0.623509   0.0       0.0       0.543753  -0.758917    0.0773475
 -1.34498    0.0       0.0      -0.252492   0.0773475  -4.52092
C_p-matrix
6×6 Matrix{Float64}:
  0.24034    0.0  0.0  -0.24034     0.940375    0.0130141
  0.0844316  0.0  0.0   0.0200113  -0.0302451   0.995769
  0.949126   0.0  0.0   0.242365   -0.179376   -0.0907956
 -0.185118   0.0  0.0   0.939732    0.287411    0.00554072
  0.0        1.0  0.0   0.0         0.0         0.0
  0.0        0.0  1.0   0.0         0.0         0.0
6×6 Matrix{Float64}:
 -0.187947   -0.0361695  -0.274057      0.324729      0.0        0.0
 -0.0361695  -2.681      -0.363654     -0.0196344     0.0        0.0
 -0.274057   -0.363654   -0.285748     -0.000663844   0.0        0.0
  0.324729   -0.0196344  -0.000663844  -0.121001      0.0        0.0
  0.0         0.0         0.0           0.0          -0.124561   0.0
  0.0         0.0         0.0           0.0           0.0       -0.124561
h_p-matrix
6×6 Matrix{Float64}:
 -2.0316     0.0       0.0       0.379443  -0.623509   -1.34498
  0.0       -1.13524   0.0       0.0        0.0         0.0
  0.0        0.0      -1.13524   0.0        0.0         0.0
  0.379443   0.0       0.0      -1.50505    0.543753   -0.252492
 -0.623509   0.0       0.0       0.543753  -0.758917    0.0773475
 -1.34498    0.0       0.0      -0.252492   0.0773475  -4.52092
C_p-matrix
6×6 Matrix{Float64}:
  0.24034    0.0  0.0  -0.24034     0.940375    0.0130141
  0.0844316  0.0  0.0   0.0200113  -0.0302451   0.995769
  0.949126   0.0  0.0   0.242365   -0.179376   -0.0907956
 -0.185118   0.0  0.0   0.939732    0.287411    0.00554072
  0.0        1.0  0.0   0.0         0.0         0.0
  0.0        0.0  1.0   0.0         0.0         0.0
6×6 Matrix{Float64}:
 -0.187947   -0.0361695  -0.274057      0.324729      0.0        0.0
 -0.0361695  -2.681      -0.363654     -0.0196344     0.0        0.0
 -0.274057   -0.363654   -0.285748     -0.000663844   0.0        0.0
  0.324729   -0.0196344  -0.000663844  -0.121001      0.0        0.0
  0.0         0.0         0.0           0.0          -0.124561   0.0
  0.0         0.0         0.0           0.0           0.0       -0.124561
h_p-matrix
6×6 Matrix{Float64}:
 -2.0316     0.0       0.0       0.379443  -0.623509   -1.34498
  0.0       -1.13524   0.0       0.0        0.0         0.0
  0.0        0.0      -1.13524   0.0        0.0         0.0
  0.379443   0.0       0.0      -1.50505    0.543753   -0.252492
 -0.623509   0.0       0.0       0.543753  -0.758917    0.0773475
 -1.34498    0.0       0.0      -0.252492   0.0773475  -4.52092
C_p-matrix
6×6 Matrix{Float64}:
  0.24034    0.0  0.0  -0.24034     0.940375    0.0130141
  0.0844316  0.0  0.0   0.0200113  -0.0302451   0.995769
  0.949126   0.0  0.0   0.242365   -0.179376   -0.0907956
 -0.185118   0.0  0.0   0.939732    0.287411    0.00554072
  0.0        1.0  0.0   0.0         0.0         0.0
  0.0        0.0  1.0   0.0         0.0         0.0
6×6 Matrix{Float64}:
 -0.187947   -0.0361695  -0.274057      0.324729      0.0        0.0
 -0.0361695  -2.681      -0.363654     -0.0196344     0.0        0.0
 -0.274057   -0.363654   -0.285748     -0.000663844   0.0        0.0
  0.324729   -0.0196344  -0.000663844  -0.121001      0.0        0.0
  0.0         0.0         0.0           0.0          -0.124561   0.0
  0.0         0.0         0.0           0.0           0.0       -0.124561
h_p-matrix
6×6 Matrix{Float64}:
 -2.0316     0.0       0.0       0.379443  -0.623509   -1.34498
  0.0       -1.13524   0.0       0.0        0.0         0.0
  0.0        0.0      -1.13524   0.0        0.0         0.0
  0.379443   0.0       0.0      -1.50505    0.543753   -0.252492
 -0.623509   0.0       0.0       0.543753  -0.758917    0.0773475
 -1.34498    0.0       0.0      -0.252492   0.0773475  -4.52092
C_p-matrix
6×6 Matrix{Float64}:
  0.24034    0.0  0.0  -0.24034     0.940375    0.0130141
  0.0844316  0.0  0.0   0.0200113  -0.0302451   0.995769
  0.949126   0.0  0.0   0.242365   -0.179376   -0.0907956
 -0.185118   0.0  0.0   0.939732    0.287411    0.00554072
  0.0        1.0  0.0   0.0         0.0         0.0
  0.0        0.0  1.0   0.0         0.0         0.0
6×6 Matrix{Float64}:
 -0.187947   -0.0361695  -0.274057      0.324729      0.0        0.0
 -0.0361695  -2.681      -0.363654     -0.0196344     0.0        0.0
 -0.274057   -0.363654   -0.285748     -0.000663844   0.0        0.0
  0.324729   -0.0196344  -0.000663844  -0.121001      0.0        0.0
  0.0         0.0         0.0           0.0          -0.124561   0.0
  0.0         0.0         0.0           0.0           0.0       -0.124561
h_p-matrix
6×6 Matrix{Float64}:
 -2.0316     0.0       0.0       0.379443  -0.623509   -1.34498
  0.0       -1.13524   0.0       0.0        0.0         0.0
  0.0        0.0      -1.13524   0.0        0.0         0.0
  0.379443   0.0       0.0      -1.50505    0.543753   -0.252492
 -0.623509   0.0       0.0       0.543753  -0.758917    0.0773475
 -1.34498    0.0       0.0      -0.252492   0.0773475  -4.52092
C_p-matrix
6×6 Matrix{Float64}:
  0.24034    0.0  0.0  -0.24034     0.940375    0.0130141
  0.0844316  0.0  0.0   0.0200113  -0.0302451   0.995769
  0.949126   0.0  0.0   0.242365   -0.179376   -0.0907956
 -0.185118   0.0  0.0   0.939732    0.287411    0.00554072
  0.0        1.0  0.0   0.0         0.0         0.0
  0.0        0.0  1.0   0.0         0.0         0.0
6×6 Matrix{Float64}:
 -0.187947   -0.0361695  -0.274057      0.324729      0.0        0.0
 -0.0361695  -2.681      -0.363654     -0.0196344     0.0        0.0
 -0.274057   -0.363654   -0.285748     -0.000663844   0.0        0.0
  0.324729   -0.0196344  -0.000663844  -0.121001      0.0        0.0
  0.0         0.0         0.0           0.0          -0.124561   0.0
  0.0         0.0         0.0           0.0           0.0       -0.124561
h_p-matrix
6×6 Matrix{Float64}:
 -2.0316     0.0       0.0       0.379443  -0.623509   -1.34498
  0.0       -1.13524   0.0       0.0        0.0         0.0
  0.0        0.0      -1.13524   0.0        0.0         0.0
  0.379443   0.0       0.0      -1.50505    0.543753   -0.252492
 -0.623509   0.0       0.0       0.543753  -0.758917    0.0773475
 -1.34498    0.0       0.0      -0.252492   0.0773475  -4.52092
C_p-matrix
6×6 Matrix{Float64}:
  0.24034    0.0  0.0  -0.24034     0.940375    0.0130141
  0.0844316  0.0  0.0   0.0200113  -0.0302451   0.995769
  0.949126   0.0  0.0   0.242365   -0.179376   -0.0907956
 -0.185118   0.0  0.0   0.939732    0.287411    0.00554072
  0.0        1.0  0.0   0.0         0.0         0.0
  0.0        0.0  1.0   0.0         0.0         0.0
6×6 Matrix{Float64}:
 -0.187947   -0.0361695  -0.274057      0.324729      0.0        0.0
 -0.0361695  -2.681      -0.363654     -0.0196344     0.0        0.0
 -0.274057   -0.363654   -0.285748     -0.000663844   0.0        0.0
  0.324729   -0.0196344  -0.000663844  -0.121001      0.0        0.0
  0.0         0.0         0.0           0.0          -0.124561   0.0
  0.0         0.0         0.0           0.0           0.0       -0.124561
h_p-matrix
6×6 Matrix{Float64}:
 -2.0316     0.0       0.0       0.379443  -0.623509   -1.34498
  0.0       -1.13524   0.0       0.0        0.0         0.0
  0.0        0.0      -1.13524   0.0        0.0         0.0
  0.379443   0.0       0.0      -1.50505    0.543753   -0.252492
 -0.623509   0.0       0.0       0.543753  -0.758917    0.0773475
 -1.34498    0.0       0.0      -0.252492   0.0773475  -4.52092
C_p-matrix
6×6 Matrix{Float64}:
  0.24034    0.0  0.0  -0.24034     0.940375    0.0130141
  0.0844316  0.0  0.0   0.0200113  -0.0302451   0.995769
  0.949126   0.0  0.0   0.242365   -0.179376   -0.0907956
 -0.185118   0.0  0.0   0.939732    0.287411    0.00554072
  0.0        1.0  0.0   0.0         0.0         0.0
  0.0        0.0  1.0   0.0         0.0         0.0
6×6 Matrix{Float64}:
 -0.187947   -0.0361695  -0.274057      0.324729      0.0        0.0
 -0.0361695  -2.681      -0.363654     -0.0196344     0.0        0.0
 -0.274057   -0.363654   -0.285748     -0.000663844   0.0        0.0
  0.324729   -0.0196344  -0.000663844  -0.121001      0.0        0.0
  0.0         0.0         0.0           0.0          -0.124561   0.0
  0.0         0.0         0.0           0.0           0.0       -0.124561
h_p-matrix
6×6 Matrix{Float64}:
 -2.0316     0.0       0.0       0.379443  -0.623509   -1.34498
  0.0       -1.13524   0.0       0.0        0.0         0.0
  0.0        0.0      -1.13524   0.0        0.0         0.0
  0.379443   0.0       0.0      -1.50505    0.543753   -0.252492
 -0.623509   0.0       0.0       0.543753  -0.758917    0.0773475
 -1.34498    0.0       0.0      -0.252492   0.0773475  -4.52092
C_p-matrix
6×6 Matrix{Float64}:
  0.24034    0.0  0.0  -0.24034     0.940375    0.0130141
  0.0844316  0.0  0.0   0.0200113  -0.0302451   0.995769
  0.949126   0.0  0.0   0.242365   -0.179376   -0.0907956
 -0.185118   0.0  0.0   0.939732    0.287411    0.00554072
  0.0        1.0  0.0   0.0         0.0         0.0
  0.0        0.0  1.0   0.0         0.0         0.0
6×6 Matrix{Float64}:
 -0.187947   -0.0361695  -0.274057      0.324729      0.0        0.0
 -0.0361695  -2.681      -0.363654     -0.0196344     0.0        0.0
 -0.274057   -0.363654   -0.285748     -0.000663844   0.0        0.0
  0.324729   -0.0196344  -0.000663844  -0.121001      0.0        0.0
  0.0         0.0         0.0           0.0          -0.124561   0.0
  0.0         0.0         0.0           0.0           0.0       -0.124561
h_p-matrix
6×6 Matrix{Float64}:
 -2.0316     0.0       0.0       0.379443  -0.623509   -1.34498
  0.0       -1.13524   0.0       0.0        0.0         0.0
  0.0        0.0      -1.13524   0.0        0.0         0.0
  0.379443   0.0       0.0      -1.50505    0.543753   -0.252492
 -0.623509   0.0       0.0       0.543753  -0.758917    0.0773475
 -1.34498    0.0       0.0      -0.252492   0.0773475  -4.52092
C_p-matrix
6×6 Matrix{Float64}:
  0.24034    0.0  0.0  -0.24034     0.940375    0.0130141
  0.0844316  0.0  0.0   0.0200113  -0.0302451   0.995769
  0.949126   0.0  0.0   0.242365   -0.179376   -0.0907956
 -0.185118   0.0  0.0   0.939732    0.287411    0.00554072
  0.0        1.0  0.0   0.0         0.0         0.0
  0.0        0.0  1.0   0.0         0.0         0.0
6×6 Matrix{Float64}:
 -0.187947   -0.0361695  -0.274057      0.324729      0.0        0.0
 -0.0361695  -2.681      -0.363654     -0.0196344     0.0        0.0
 -0.274057   -0.363654   -0.285748     -0.000663844   0.0        0.0
  0.324729   -0.0196344  -0.000663844  -0.121001      0.0        0.0
  0.0         0.0         0.0           0.0          -0.124561   0.0
  0.0         0.0         0.0           0.0           0.0       -0.124561
F_P-eigen6×6 Matrix{Float64}:
 0.212273  0.0       0.0       0.0       0.0      0.0
 0.0       0.443033  0.0       0.0       0.0      0.0
 0.0       0.0       0.443033  0.0       0.0      0.0
 0.0       0.0       0.0       0.458875  0.0      0.0
 0.0       0.0       0.0       0.0       1.69163  0.0
 0.0       0.0       0.0       0.0       0.0      8.16809
-3.337453294003423 F
-9.557051552158878 h 
6×6 Matrix{Float64}:
  1.62679    0.0     0.0     -0.174934   0.0825821   0.284204
  0.0        1.7746  0.0      0.0        0.0         0.0
  0.0        0.0     1.7746   0.0        0.0         0.0
 -0.174934   0.0     0.0      1.81114   -0.122879    0.066653
  0.0825821  0.0     0.0     -0.122879   3.49119    -0.0608644
  0.284204   0.0     0.0      0.066653  -0.0608644  12.2383
h_p-0.18736612595948393 F
-4.531887908909962 h 
0.21227320037787534g_p 
6×6 Matrix{Float64}:
 -2.73732   0.0        0.0        0.0        0.0       0.0
  0.0      -0.600128   0.0        0.0        0.0       0.0
  0.0       0.0       -0.185188   0.0        0.0       0.0
  0.0       0.0        0.0       -0.124561   0.0       0.0
  0.0       0.0        0.0        0.0       -0.124561  0.0
  0.0       0.0        0.0        0.0        0.0       0.246943
F
6×6 Matrix{Float64}:
 0.212273  0.0       0.0       0.0       0.0      0.0
 0.0       0.443033  0.0       0.0       0.0      0.0
 0.0       0.0       0.443033  0.0       0.0      0.0
 0.0       0.0       0.0       0.458875  0.0      0.0
 0.0       0.0       0.0       0.0       1.69163  0.0
 0.0       0.0       0.0       0.0       0.0      8.16809
F_p
-8.356277957783494
F_matrix hehe
6×6 Matrix{Float64}:
 -2.73732   0.0        0.0        0.0        0.0       0.0
  0.0      -0.600128   0.0        0.0        0.0       0.0
  0.0       0.0       -0.185188   0.0        0.0       0.0
  0.0       0.0        0.0       -0.124561   0.0       0.0
  0.0       0.0        0.0        0.0       -0.124561  0.0
  0.0       0.0        0.0        0.0        0.0       0.246943
Energy, pHF -7.649018294427299
6×6 Matrix{Float64}:
 -0.0327352  0.0  0.0  -0.0270968    1.30902       0.0502128
 -0.0351271  0.0  0.0  -0.00799862   0.000223994   1.03058
  0.996986   0.0  0.0   0.227494    -0.488004     -0.233368
 -0.232244   0.0  0.0   0.962526     0.684744      0.0259277
  0.0        1.0  0.0   0.0          0.0           0.0
  0.0        0.0  1.0   0.0          0.0           0.0
C_p6×6 Matrix{Float64}:
 -0.00332571  -0.558209  -0.146295  0.0  0.0  -1.1768
 -0.991973     0.160693  -0.212186  0.0  0.0  -0.0924268
 -0.0304013   -0.431467   0.823205  0.0  0.0   0.688177
 -0.0027748    0.357414   0.585827  0.0  0.0  -0.989441
  0.0          0.0        0.0       1.0  0.0   0.0
  0.0          0.0        0.0       0.0  1.0   0.0
C6×6 Matrix{Float64}:
  1.67311    -0.100814   0.140616   0.0        0.0        0.0577443
 -0.100814    0.506618   0.0342366  0.0        0.0        0.120917
  0.140616    0.0342366  0.0327718  0.0        0.0        0.0356798
  0.0         0.0        0.0        0.0319684  0.0        0.0
  0.0         0.0        0.0        0.0        0.0319684  0.0
  0.0577443   0.120917   0.0356798  0.0        0.0        0.13326
6×6 Matrix{Float64}:
  2.02553    -0.100814   0.152581   0.0       0.0       0.0459478
 -0.100814    0.859036   0.0318026  0.0       0.0       0.0871815
  0.152581    0.0318026  0.616796   0.0       0.0       0.0354895
  0.0         0.0        0.0        0.665785  0.0       0.0
  0.0         0.0        0.0        0.0       0.665785  0.0
  0.0459478   0.0871815  0.0354895  0.0       0.0       0.816922
6×6 Matrix{Float64}:
 -4.72735     0.100649   -0.156209    0.0       0.0      -0.0374436
  0.100649   -1.49225    -0.0244439   0.0       0.0      -0.0488903
 -0.156209   -0.0244439  -1.12335     0.0       0.0      -0.0259755
  0.0         0.0         0.0        -1.13524   0.0       0.0
  0.0         0.0         0.0         0.0      -1.13524   0.0
 -0.0374436  -0.0488903  -0.0259755   0.0       0.0      -0.950694
6×6 Matrix{Float64}:
 -2.3489        1.80006e-10   7.72724e-11  0.0       0.0        7.91151e-12
  1.80006e-10  -0.284759      7.26117e-9   0.0       0.0        4.77088e-10
  7.72724e-11   7.26117e-9    0.0781625    0.0       0.0       -3.21099e-9
  0.0           0.0           0.0          0.163944  0.0        0.0
  0.0           0.0           0.0          0.0       0.163944   0.0
  7.91146e-12   4.77088e-10  -3.21099e-9   0.0       0.0        0.54603
F_e