converged SCF energy = -74.9611711378678
               #0        #1        #2        #3        #4       
0 O 1s           0.99427  -0.23330   0.00000  -0.10915   0.00000
0 O 2s           0.02549   0.84504  -0.00000   0.56083  -0.00000
0 O 2px         -0.00000   0.00000   0.00000   0.00000   1.00000
0 O 2py          0.00303   0.09033  -0.44740  -0.51039   0.00000
0 O 2pz          0.00303   0.09033   0.44740  -0.51039  -0.00000
1 H 1s          -0.00535   0.15421  -0.45382  -0.30901   0.00000
2 H 1s          -0.00535   0.15421   0.45382  -0.30901  -0.00000
               #5        #6       
0 O 1s          -0.11970   0.00000
0 O 2s           0.77817  -0.00000
0 O 2px         -0.00000   0.00000
0 O 2py          0.57269  -0.65265
0 O 2pz          0.57269   0.65265
1 H 1s          -0.74586   0.82206
2 H 1s          -0.74586  -0.82206
               #0        #1        #2        #3        #4       
0 O 1s           0.99427  -0.23330   0.00000  -0.10915   0.00000
0 O 2s           0.02549   0.84504  -0.00000   0.56083  -0.00000
0 O 2px         -0.00000   0.00000   0.00000   0.00000   1.00000
0 O 2py          0.00303   0.09033  -0.44740  -0.51039   0.00000
0 O 2pz          0.00303   0.09033   0.44740  -0.51039  -0.00000
1 H 1s          -0.00535   0.15421  -0.45382  -0.30901   0.00000
2 H 1s          -0.00535   0.15421   0.45382  -0.30901  -0.00000
               #5        #6       
0 O 1s          -0.11970   0.00000
0 O 2s           0.77817  -0.00000
0 O 2px         -0.00000   0.00000
0 O 2py          0.57269  -0.65265
0 O 2pz          0.57269   0.65265
1 H 1s          -0.74586   0.82206
2 H 1s          -0.74586  -0.82206
               #0        #1        #2        #3        #4       
0 O 1s           0.99427  -0.23330   0.00000  -0.10915   0.00000
0 O 2s           0.02549   0.84504  -0.00000   0.56083  -0.00000
0 O 2px         -0.00000   0.00000   0.00000   0.00000   1.00000
0 O 2py          0.00303   0.09033  -0.44740  -0.51039   0.00000
0 O 2pz          0.00303   0.09033   0.44740  -0.51039  -0.00000
1 H 1s          -0.00535   0.15421  -0.45382  -0.30901   0.00000
2 H 1s          -0.00535   0.15421   0.45382  -0.30901  -0.00000
               #5        #6       
0 O 1s          -0.11970   0.00000
0 O 2s           0.77817  -0.00000
0 O 2px         -0.00000   0.00000
0 O 2py          0.57269  -0.65265
0 O 2pz          0.57269   0.65265
1 H 1s          -0.74586   0.82206
2 H 1s          -0.74586  -0.82206
               #0        #1        #2        #3        #4       
0 O 1s           0.99427  -0.23330   0.00000  -0.10915   0.00000
0 O 2s           0.02549   0.84504  -0.00000   0.56083  -0.00000
0 O 2px         -0.00000   0.00000   0.00000   0.00000   1.00000
0 O 2py          0.00303   0.09033  -0.44740  -0.51039   0.00000
0 O 2pz          0.00303   0.09033   0.44740  -0.51039  -0.00000
1 H 1s          -0.00535   0.15421  -0.45382  -0.30901   0.00000
2 H 1s          -0.00535   0.15421   0.45382  -0.30901  -0.00000
               #5        #6       
0 O 1s          -0.11970   0.00000
0 O 2s           0.77817  -0.00000
0 O 2px         -0.00000   0.00000
0 O 2py          0.57269  -0.65265
0 O 2pz          0.57269   0.65265
1 H 1s          -0.74586   0.82206
2 H 1s          -0.74586  -0.82206
               #0        #1        #2        #3        #4       
0 O 1s           0.99427  -0.23330   0.00000  -0.10915   0.00000
0 O 2s           0.02549   0.84504  -0.00000   0.56083  -0.00000
0 O 2px         -0.00000   0.00000   0.00000   0.00000   1.00000
0 O 2py          0.00303   0.09033  -0.44740  -0.51039   0.00000
0 O 2pz          0.00303   0.09033   0.44740  -0.51039  -0.00000
1 H 1s          -0.00535   0.15421  -0.45382  -0.30901   0.00000
2 H 1s          -0.00535   0.15421   0.45382  -0.30901  -0.00000
               #5        #6       
0 O 1s          -0.11970   0.00000
0 O 2s           0.77817  -0.00000
0 O 2px         -0.00000   0.00000
0 O 2py          0.57269  -0.65265
0 O 2pz          0.57269   0.65265
1 H 1s          -0.74586   0.82206
2 H 1s          -0.74586  -0.82206
               #0        #1        #2        #3        #4       
0 O 1s           0.99427  -0.23330   0.00000  -0.10915   0.00000
0 O 2s           0.02549   0.84504  -0.00000   0.56083  -0.00000
0 O 2px         -0.00000   0.00000   0.00000   0.00000   1.00000
0 O 2py          0.00303   0.09033  -0.44740  -0.51039   0.00000
0 O 2pz          0.00303   0.09033   0.44740  -0.51039  -0.00000
1 H 1s          -0.00535   0.15421  -0.45382  -0.30901   0.00000
2 H 1s          -0.00535   0.15421   0.45382  -0.30901  -0.00000
               #5        #6       
0 O 1s          -0.11970   0.00000
0 O 2s           0.77817  -0.00000
0 O 2px         -0.00000   0.00000
0 O 2py          0.57269  -0.65265
0 O 2pz          0.57269   0.65265
1 H 1s          -0.74586   0.82206
2 H 1s          -0.74586  -0.82206
               #0        #1        #2        #3        #4       
0 O 1s           0.99427  -0.23330   0.00000  -0.10915   0.00000
0 O 2s           0.02549   0.84504  -0.00000   0.56083  -0.00000
0 O 2px         -0.00000   0.00000   0.00000   0.00000   1.00000
0 O 2py          0.00303   0.09033  -0.44740  -0.51039   0.00000
0 O 2pz          0.00303   0.09033   0.44740  -0.51039  -0.00000
1 H 1s          -0.00535   0.15421  -0.45382  -0.30901   0.00000
2 H 1s          -0.00535   0.15421   0.45382  -0.30901  -0.00000
               #5        #6       
0 O 1s          -0.11970   0.00000
0 O 2s           0.77817  -0.00000
0 O 2px         -0.00000   0.00000
0 O 2py          0.57269  -0.65265
0 O 2pz          0.57269   0.65265
1 H 1s          -0.74586   0.82206
2 H 1s          -0.74586  -0.82206
               #0        #1        #2        #3        #4       
0 O 1s           0.99427  -0.23330   0.00000  -0.10915   0.00000
0 O 2s           0.02549   0.84504  -0.00000   0.56083  -0.00000
0 O 2px         -0.00000   0.00000   0.00000   0.00000   1.00000
0 O 2py          0.00303   0.09033  -0.44740  -0.51039   0.00000
0 O 2pz          0.00303   0.09033   0.44740  -0.51039  -0.00000
1 H 1s          -0.00535   0.15421  -0.45382  -0.30901   0.00000
2 H 1s          -0.00535   0.15421   0.45382  -0.30901  -0.00000
               #5        #6       
0 O 1s          -0.11970   0.00000
0 O 2s           0.77817  -0.00000
0 O 2px         -0.00000   0.00000
0 O 2py          0.57269  -0.65265
0 O 2pz          0.57269   0.65265
1 H 1s          -0.74586   0.82206
2 H 1s          -0.74586  -0.82206
               #0        #1        #2        #3        #4       
0 O 1s           0.99427  -0.23330   0.00000  -0.10915   0.00000
0 O 2s           0.02549   0.84504  -0.00000   0.56083  -0.00000
0 O 2px         -0.00000   0.00000   0.00000   0.00000   1.00000
0 O 2py          0.00303   0.09033  -0.44740  -0.51039   0.00000
0 O 2pz          0.00303   0.09033   0.44740  -0.51039  -0.00000
1 H 1s          -0.00535   0.15421  -0.45382  -0.30901   0.00000
2 H 1s          -0.00535   0.15421   0.45382  -0.30901  -0.00000
               #5        #6       
0 O 1s          -0.11970   0.00000
0 O 2s           0.77817  -0.00000
0 O 2px         -0.00000   0.00000
0 O 2py          0.57269  -0.65265
0 O 2pz          0.57269   0.65265
1 H 1s          -0.74586   0.82206
2 H 1s          -0.74586  -0.82206
               #0        #1        #2        #3        #4       
0 O 1s           0.99427  -0.23330   0.00000  -0.10915   0.00000
0 O 2s           0.02549   0.84504  -0.00000   0.56083  -0.00000
0 O 2px         -0.00000   0.00000   0.00000   0.00000   1.00000
0 O 2py          0.00303   0.09033  -0.44740  -0.51039   0.00000
0 O 2pz          0.00303   0.09033   0.44740  -0.51039  -0.00000
1 H 1s          -0.00535   0.15421  -0.45382  -0.30901   0.00000
2 H 1s          -0.00535   0.15421   0.45382  -0.30901  -0.00000
               #5        #6       
0 O 1s          -0.11970   0.00000
0 O 2s           0.77817  -0.00000
0 O 2px         -0.00000   0.00000
0 O 2py          0.57269  -0.65265
0 O 2pz          0.57269   0.65265
1 H 1s          -0.74586   0.82206
2 H 1s          -0.74586  -0.82206
               #0        #1        #2        #3        #4       
0 O 1s           0.99427  -0.23330   0.00000  -0.10915   0.00000
8.841020169010916
8.841020169010916
7×7 Matrix{Float64}:
 -20.2621        6.59551e-11   2.11027e-16   1.30458e-11   7.00472e-18   4.42672e-11  -3.41439e-16
   6.59559e-11  -1.26227      -3.87981e-16  -2.70577e-10  -3.59988e-17  -1.94239e-10   7.94012e-16
   2.12026e-16  -3.49568e-16  -0.569377     -4.57122e-16   4.43698e-17   3.64017e-16  -1.81927e-10
   1.30466e-11  -2.70577e-10  -4.79612e-16  -0.480781      5.06924e-17  -1.80365e-10  -5.27103e-16
   7.00472e-18  -3.59988e-17   4.43698e-17   5.06924e-17  -0.397492      4.67934e-17  -4.31732e-17
   4.42673e-11  -1.94239e-10   3.21316e-16  -1.80365e-10   4.67934e-17   0.582524      5.73415e-16
  -4.11629e-16   6.30289e-16  -1.81927e-10  -5.34499e-16  -4.31732e-17   3.37796e-16   0.658076
F_e8.841020169010916
8.841020169010916
7×7 Matrix{Float64}:
 -20.2621        6.59551e-11   2.11027e-16   1.30458e-11   7.00472e-18   4.42672e-11  -3.41439e-16
   6.59559e-11  -1.26227      -3.87981e-16  -2.70577e-10  -3.59988e-17  -1.94239e-10   7.94012e-16
   2.12026e-16  -3.49568e-16  -0.569377     -4.57122e-16   4.43698e-17   3.64017e-16  -1.81927e-10
   1.30466e-11  -2.70577e-10  -4.79612e-16  -0.480781      5.06924e-17  -1.80365e-10  -5.27103e-16
   7.00472e-18  -3.59988e-17   4.43698e-17   5.06924e-17  -0.397492      4.67934e-17  -4.31732e-17
   4.42673e-11  -1.94239e-10   3.21316e-16  -1.80365e-10   4.67934e-17   0.582524      5.73415e-16
  -4.11629e-16   6.30289e-16  -1.81927e-10  -5.34499e-16  -4.31732e-17   3.37796e-16   0.658076
F_eiteration: 1
7×7 Matrix{Float64}:
  2.13276      -0.592189     -1.86352e-14  -0.039944     -0.039944      0.0777493     0.0777493
 -0.592189      2.63631       7.84687e-14   0.241413      0.241413     -0.344942     -0.344942
 -1.86352e-14   7.84687e-14   2.0          -1.22346e-13  -1.13263e-13   6.49752e-15   8.60874e-15
 -0.039944      0.241413     -1.22346e-13   2.25047      -0.0313102    -0.412761      0.046571
 -0.039944      0.241413     -1.13263e-13  -0.0313102     2.25047       0.046571     -0.412761
  0.0777493    -0.344942      6.49752e-15  -0.412761      0.046571      0.112477      0.0200112
  0.0777493    -0.344942      8.60874e-15   0.046571     -0.412761      0.0200112     0.112477
this is the densityheiF_diff
-14.470584556515144
8.841020169010916
8.841020169010916
7×7 Matrix{Float64}:
 -20.2621        6.59551e-11   2.11027e-16   1.30458e-11   7.00472e-18   4.42672e-11  -3.41439e-16
   6.59559e-11  -1.26227      -3.87981e-16  -2.70577e-10  -3.59988e-17  -1.94239e-10   7.94012e-16
   2.12026e-16  -3.49568e-16  -0.569377     -4.57122e-16   4.43698e-17   3.64017e-16  -1.81927e-10
   1.30466e-11  -2.70577e-10  -4.79612e-16  -0.480781      5.06924e-17  -1.80365e-10  -5.27103e-16
   7.00472e-18  -3.59988e-17   4.43698e-17   5.06924e-17  -0.397492      4.67934e-17  -4.31732e-17
   4.42673e-11  -1.94239e-10   3.21316e-16  -1.80365e-10   4.67934e-17   0.582524      5.73415e-16
  -4.11629e-16   6.30289e-16  -1.81927e-10  -5.34499e-16  -4.31732e-17   3.37796e-16   0.658076
F_eEnergy, pHF:-74.03592730963119
7×7 Matrix{Float64}:
 -18.4832       -2.63765      4.67888e-15  -0.0188264    -0.0188264    -0.155978     -0.155978
  -2.63765      -0.775628    -9.8595e-15   -0.0460141    -0.0460141    -0.374803     -0.374803
   4.67888e-15  -9.8595e-15   0.252119      3.92637e-14   3.62449e-14  -2.80714e-16  -1.00994e-15
  -0.0188264    -0.0460141    3.92637e-14   0.294556     -0.0201421    -0.402505      0.0272544
  -0.0188264    -0.0460141    3.62449e-14  -0.0201421     0.294556      0.0272544    -0.402505
  -0.155978     -0.374803    -2.80714e-16  -0.402505      0.0272544     0.158876     -0.114731
  -0.155978     -0.374803    -1.00994e-15   0.0272544    -0.402505     -0.114731      0.158876
F_HF
7×7 Matrix{Float64}:
 -18.4832       -2.63765      4.67888e-15  -0.0188264    -0.0188264    -0.155978     -0.155978
  -2.63765      -0.775628    -9.8595e-15   -0.0460141    -0.0460141    -0.374803     -0.374803
   4.67888e-15  -9.8595e-15   0.252119      3.92637e-14   3.62449e-14  -2.80714e-16  -1.00994e-15
  -0.0188264    -0.0460141    3.92637e-14   0.294556     -0.0201421    -0.402505      0.0272544
  -0.0188264    -0.0460141    3.62449e-14  -0.0201421     0.294556      0.0272544    -0.402505
  -0.155978     -0.374803    -2.80714e-16  -0.402505      0.0272544     0.158876     -0.114731
  -0.155978     -0.374803    -1.00994e-15   0.0272544    -0.402505     -0.114731      0.158876
F_HF function
iteration: 2
7×7 Matrix{Float64}:
  2.11817      -0.515173      1.81096e-14   0.0660311    0.0660311     0.0223313    0.0223313
 -0.515173      2.34302      -1.21474e-13  -0.391963    -0.391963     -0.293868    -0.293868
  1.81096e-14  -1.21474e-13   2.0          -1.1681e-13  -1.09407e-13   1.2903e-13   1.20597e-13
  0.0660311    -0.391963     -1.1681e-13    0.685303     0.0915094     0.783982    -0.0293197
  0.0660311    -0.391963     -1.09407e-13   0.0915094    0.685303     -0.0293197    0.783982
  0.0223313    -0.293868      1.2903e-13    0.783982    -0.0293197     0.927667    -0.18629
  0.0223313    -0.293868      1.20597e-13  -0.0293197    0.783982     -0.18629      0.927667
this is the densityheiF_diff
-3.234857814775317
8.841020169010916
8.841020169010916
7×7 Matrix{Float64}:
 -20.2621        6.59551e-11   2.11027e-16   1.30458e-11   7.00472e-18   4.42672e-11  -3.41439e-16
   6.59559e-11  -1.26227      -3.87981e-16  -2.70577e-10  -3.59988e-17  -1.94239e-10   7.94012e-16
   2.12026e-16  -3.49568e-16  -0.569377     -4.57122e-16   4.43698e-17   3.64017e-16  -1.81927e-10
   1.30466e-11  -2.70577e-10  -4.79612e-16  -0.480781      5.06924e-17  -1.80365e-10  -5.27103e-16
   7.00472e-18  -3.59988e-17   4.43698e-17   5.06924e-17  -0.397492      4.67934e-17  -4.31732e-17
   4.42673e-11  -1.94239e-10   3.21316e-16  -1.80365e-10   4.67934e-17   0.582524      5.73415e-16
  -4.11629e-16   6.30289e-16  -1.81927e-10  -5.34499e-16  -4.31732e-17   3.37796e-16   0.658076
F_eEnergy, pHF:-74.93245743773146
7×7 Matrix{Float64}:
 -20.1246       -2.69013      -5.04671e-15  -0.0400304    -0.0400304   -0.161645     -0.161645
  -2.69013      -1.4176        8.09471e-15   0.0991028     0.0991028   -0.457545     -0.457545
  -5.04671e-15   8.09471e-15  -0.529232      2.91087e-14   2.7272e-14  -1.86649e-14  -1.74901e-14
  -0.0400304     0.0991028     2.91087e-14  -0.153312     -0.0426495   -0.553536      0.0456335
  -0.0400304     0.0991028     2.7272e-14   -0.0426495    -0.153312     0.0456335    -0.553536
  -0.161645     -0.457545     -1.86649e-14  -0.553536      0.0456335   -0.0154914    -0.122699
  -0.161645     -0.457545     -1.74901e-14   0.0456335    -0.553536    -0.122699     -0.0154914
F_HF
7×7 Matrix{Float64}:
 -20.1246       -2.69013      -5.04671e-15  -0.0400304    -0.0400304   -0.161645     -0.161645
  -2.69013      -1.4176        8.09471e-15   0.0991028     0.0991028   -0.457545     -0.457545
  -5.04671e-15   8.09471e-15  -0.529232      2.91087e-14   2.7272e-14  -1.86649e-14  -1.74901e-14
  -0.0400304     0.0991028     2.91087e-14  -0.153312     -0.0426495   -0.553536      0.0456335
  -0.0400304     0.0991028     2.7272e-14   -0.0426495    -0.153312     0.0456335    -0.553536
  -0.161645     -0.457545     -1.86649e-14  -0.553536      0.0456335   -0.0154914    -0.122699
  -0.161645     -0.457545     -1.74901e-14   0.0456335    -0.553536    -0.122699     -0.0154914
F_HF function
iteration: 3
7×7 Matrix{Float64}:
  2.11283      -0.481527      1.07193e-14   0.0688302     0.0688302    -0.00533279   -0.00533279
 -0.481527      2.13215      -6.92139e-14  -0.398313     -0.398313     -0.123215     -0.123215
  1.07193e-14  -6.92139e-14   2.0          -4.56647e-14  -4.10075e-14   6.78629e-14   6.47027e-14
  0.0688302    -0.398313     -4.56647e-14   0.953501      0.102366      0.75082      -0.0538524
  0.0688302    -0.398313     -4.10075e-14   0.102366      0.953501     -0.0538524     0.75082
 -0.00533279   -0.123215      6.78629e-14   0.75082      -0.0538524     0.621222     -0.139525
 -0.00533279   -0.123215      6.47027e-14  -0.0538524     0.75082      -0.139525      0.621222
this is the densityheiF_diff
0.5759424850368012
8.841020169010916
8.841020169010916
7×7 Matrix{Float64}:
 -20.2621        6.59551e-11   2.11027e-16   1.30458e-11   7.00472e-18   4.42672e-11  -3.41439e-16
   6.59559e-11  -1.26227      -3.87981e-16  -2.70577e-10  -3.59988e-17  -1.94239e-10   7.94012e-16
   2.12026e-16  -3.49568e-16  -0.569377     -4.57122e-16   4.43698e-17   3.64017e-16  -1.81927e-10
   1.30466e-11  -2.70577e-10  -4.79612e-16  -0.480781      5.06924e-17  -1.80365e-10  -5.27103e-16
   7.00472e-18  -3.59988e-17   4.43698e-17   5.06924e-17  -0.397492      4.67934e-17  -4.31732e-17
   4.42673e-11  -1.94239e-10   3.21316e-16  -1.80365e-10   4.67934e-17   0.582524      5.73415e-16
  -4.11629e-16   6.30289e-16  -1.81927e-10  -5.34499e-16  -4.31732e-17   3.37796e-16   0.658076
F_eEnergy, pHF:-74.95984445959398
7×7 Matrix{Float64}:
 -19.8354      -2.68614      -3.2018e-15   -0.0399405    -0.0399405    -0.157691     -0.157691
  -2.68614     -1.26791       4.88267e-15   0.0812379     0.0812379    -0.46504      -0.46504
  -3.2018e-15   4.88267e-15  -0.378458      1.02112e-14   8.92717e-15  -1.01828e-14  -9.81401e-15
  -0.0399405    0.0812379     1.02112e-14  -0.0798776    -0.0449774    -0.557367      0.0486166
  -0.0399405    0.0812379     8.92717e-15  -0.0449774    -0.0798776     0.0486166    -0.557367
  -0.157691    -0.46504      -1.01828e-14  -0.557367      0.0486166     0.0107496    -0.126948
  -0.157691    -0.46504      -9.81401e-15   0.0486166    -0.557367     -0.126948      0.0107496
F_HF
7×7 Matrix{Float64}:
 -19.8354      -2.68614      -3.2018e-15   -0.0399405    -0.0399405    -0.157691     -0.157691
  -2.68614     -1.26791       4.88267e-15   0.0812379     0.0812379    -0.46504      -0.46504
  -3.2018e-15   4.88267e-15  -0.378458      1.02112e-14   8.92717e-15  -1.01828e-14  -9.81401e-15
  -0.0399405    0.0812379     1.02112e-14  -0.0798776    -0.0449774    -0.557367      0.0486166
  -0.0399405    0.0812379     8.92717e-15  -0.0449774    -0.0798776     0.0486166    -0.557367
  -0.157691    -0.46504      -1.01828e-14  -0.557367      0.0486166     0.0107496    -0.126948
  -0.157691    -0.46504      -9.81401e-15   0.0486166    -0.557367     -0.126948      0.0107496
F_HF function
iteration: 4
7×7 Matrix{Float64}:
  2.11068      -0.470844      5.16052e-15   0.0745035     0.0745035    -0.0116747    -0.0116747
 -0.470844      2.08442      -3.26843e-14  -0.418515     -0.418515     -0.103564     -0.103564
  5.16052e-15  -3.26843e-14   2.0          -2.49918e-14  -2.20006e-14   3.24002e-14   2.98127e-14
  0.0745035    -0.418515     -2.49918e-14   0.927681      0.121774      0.75354      -0.0579712
  0.0745035    -0.418515     -2.20006e-14   0.121774      0.927681     -0.0579712     0.75354
 -0.0116747    -0.103564      3.24002e-14   0.75354      -0.0579712     0.656549     -0.160606
 -0.0116747    -0.103564      2.98127e-14  -0.0579712     0.75354      -0.160606      0.656549
this is the densityheiF_diff
-0.09402097428224487
8.841020169010916
8.841020169010916
7×7 Matrix{Float64}:
 -20.2621        6.59551e-11   2.11027e-16   1.30458e-11   7.00472e-18   4.42672e-11  -3.41439e-16
   6.59559e-11  -1.26227      -3.87981e-16  -2.70577e-10  -3.59988e-17  -1.94239e-10   7.94012e-16
   2.12026e-16  -3.49568e-16  -0.569377     -4.57122e-16   4.43698e-17   3.64017e-16  -1.81927e-10
   1.30466e-11  -2.70577e-10  -4.79612e-16  -0.480781      5.06924e-17  -1.80365e-10  -5.27103e-16
   7.00472e-18  -3.59988e-17   4.43698e-17   5.06924e-17  -0.397492      4.67934e-17  -4.31732e-17
   4.42673e-11  -1.94239e-10   3.21316e-16  -1.80365e-10   4.67934e-17   0.582524      5.73415e-16
  -4.11629e-16   6.30289e-16  -1.81927e-10  -5.34499e-16  -4.31732e-17   3.37796e-16   0.658076
F_eEnergy, pHF:-74.96104654285868
7×7 Matrix{Float64}:
 -19.8814       -2.68899      -1.82819e-15  -0.0413552    -0.0413552   -0.157453     -0.157453
  -2.68899      -1.28148       2.33418e-15   0.0856016     0.0856016   -0.46821      -0.46821
  -1.82819e-15   2.33418e-15  -0.400669      5.87452e-15   5.0878e-15  -4.74341e-15  -4.40885e-15
  -0.0413552     0.0856016     5.87452e-15  -0.0947073    -0.0504608   -0.557055      0.0502187
  -0.0413552     0.0856016     5.0878e-15   -0.0504608    -0.0947073    0.0502187    -0.557055
  -0.157453     -0.46821      -4.74341e-15  -0.557055      0.0502187    0.00316649   -0.126138
  -0.157453     -0.46821      -4.40885e-15   0.0502187    -0.557055    -0.126138      0.00316649
F_HF
7×7 Matrix{Float64}:
 -19.8814       -2.68899      -1.82819e-15  -0.0413552    -0.0413552   -0.157453     -0.157453
  -2.68899      -1.28148       2.33418e-15   0.0856016     0.0856016   -0.46821      -0.46821
  -1.82819e-15   2.33418e-15  -0.400669      5.87452e-15   5.0878e-15  -4.74341e-15  -4.40885e-15
  -0.0413552     0.0856016     5.87452e-15  -0.0947073    -0.0504608   -0.557055      0.0502187
  -0.0413552     0.0856016     5.0878e-15   -0.0504608    -0.0947073    0.0502187    -0.557055
  -0.157453     -0.46821      -4.74341e-15  -0.557055      0.0502187    0.00316649   -0.126138
  -0.157453     -0.46821      -4.40885e-15   0.0502187    -0.557055    -0.126138      0.00316649
F_HF function
iteration: 5
7×7 Matrix{Float64}:
  2.11014      -0.467813      2.24831e-15   0.0749853     0.0749853    -0.0138657    -0.0138657
 -0.467813      2.06796      -1.43394e-14  -0.419194     -0.419194     -0.0924537    -0.0924537
  2.24831e-15  -1.43394e-14   2.0          -1.44749e-14  -1.22484e-14   1.49548e-14   1.39376e-14
  0.0749853    -0.419194     -1.44749e-14   0.936112      0.129652      0.750619     -0.0608212
  0.0749853    -0.419194     -1.22484e-14   0.129652      0.936112     -0.0608212     0.750619
 -0.0138657    -0.0924537     1.49548e-14   0.750619     -0.0608212     0.650068     -0.166384
 -0.0138657    -0.0924537     1.39376e-14  -0.0608212     0.750619     -0.166384      0.650068
this is the densityheiF_diff
0.0122065434687883
8.841020169010916
8.841020169010916
7×7 Matrix{Float64}:
 -20.2621        6.59551e-11   2.11027e-16   1.30458e-11   7.00472e-18   4.42672e-11  -3.41439e-16
   6.59559e-11  -1.26227      -3.87981e-16  -2.70577e-10  -3.59988e-17  -1.94239e-10   7.94012e-16
   2.12026e-16  -3.49568e-16  -0.569377     -4.57122e-16   4.43698e-17   3.64017e-16  -1.81927e-10
   1.30466e-11  -2.70577e-10  -4.79612e-16  -0.480781      5.06924e-17  -1.80365e-10  -5.27103e-16
   7.00472e-18  -3.59988e-17   4.43698e-17   5.06924e-17  -0.397492      4.67934e-17  -4.31732e-17
   4.42673e-11  -1.94239e-10   3.21316e-16  -1.80365e-10   4.67934e-17   0.582524      5.73415e-16
  -4.11629e-16   6.30289e-16  -1.81927e-10  -5.34499e-16  -4.31732e-17   3.37796e-16   0.658076
F_eEnergy, pHF:-74.96115028176271
7×7 Matrix{Float64}:
 -19.8754       -2.68921      -1.08837e-15  -0.0414284    -0.0414284    -0.157253     -0.157253
  -2.68921      -1.27696       1.00348e-15   0.0852071     0.0852071    -0.469053     -0.469053
  -1.08837e-15   1.00348e-15  -0.397361      3.63519e-15   2.99437e-15  -2.12325e-15  -2.02813e-15
  -0.0414284     0.0852071     3.63519e-15  -0.0936359    -0.0526111    -0.556907      0.0507675
  -0.0414284     0.0852071     2.99437e-15  -0.0526111    -0.0936359     0.0507675    -0.556907
  -0.157253     -0.469053     -2.12325e-15  -0.556907      0.0507675     0.00345173   -0.125613
  -0.157253     -0.469053     -2.02813e-15   0.0507675    -0.556907     -0.125613      0.00345173
F_HF
7×7 Matrix{Float64}:
 -19.8754       -2.68921      -1.08837e-15  -0.0414284    -0.0414284    -0.157253     -0.157253
  -2.68921      -1.27696       1.00348e-15   0.0852071     0.0852071    -0.469053     -0.469053
  -1.08837e-15   1.00348e-15  -0.397361      3.63519e-15   2.99437e-15  -2.12325e-15  -2.02813e-15
  -0.0414284     0.0852071     3.63519e-15  -0.0936359    -0.0526111    -0.556907      0.0507675
  -0.0414284     0.0852071     2.99437e-15  -0.0526111    -0.0936359     0.0507675    -0.556907
  -0.157253     -0.469053     -2.12325e-15  -0.556907      0.0507675     0.00345173   -0.125613
  -0.157253     -0.469053     -2.02813e-15   0.0507675    -0.556907     -0.125613      0.00345173
F_HF function
iteration: 6
7×7 Matrix{Float64}:
  2.10994      -0.466731      1.54763e-15   0.0752255     0.0752255    -0.0146182    -0.0146182
 -0.466731      2.06232      -9.15062e-15  -0.419717     -0.419717     -0.0889063    -0.0889063
  1.54763e-15  -9.15062e-15   2.0          -5.78383e-15  -5.73707e-15   9.48448e-15   7.57596e-15
  0.0752255    -0.419717     -5.78383e-15   0.936736      0.133649      0.749957     -0.0619118
  0.0752255    -0.419717     -5.73707e-15   0.133649      0.936736     -0.0619118     0.749957
 -0.0146182    -0.0889063     9.48448e-15   0.749957     -0.0619118     0.650598     -0.170148
 -0.0146182    -0.0889063     7.57596e-15  -0.0619118     0.749957     -0.170148      0.650598
this is the densityheiF_diff
-0.0015803612690674096
8.841020169010916
8.841020169010916
7×7 Matrix{Float64}:
 -20.2621        6.59551e-11   2.11027e-16   1.30458e-11   7.00472e-18   4.42672e-11  -3.41439e-16
   6.59559e-11  -1.26227      -3.87981e-16  -2.70577e-10  -3.59988e-17  -1.94239e-10   7.94012e-16
   2.12026e-16  -3.49568e-16  -0.569377     -4.57122e-16   4.43698e-17   3.64017e-16  -1.81927e-10
   1.30466e-11  -2.70577e-10  -4.79612e-16  -0.480781      5.06924e-17  -1.80365e-10  -5.27103e-16
   7.00472e-18  -3.59988e-17   4.43698e-17   5.06924e-17  -0.397492      4.67934e-17  -4.31732e-17
   4.42673e-11  -1.94239e-10   3.21316e-16  -1.80365e-10   4.67934e-17   0.582524      5.73415e-16
  -4.11629e-16   6.30289e-16  -1.81927e-10  -5.34499e-16  -4.31732e-17   3.37796e-16   0.658076
F_eEnergy, pHF:-74.96116709417804
7×7 Matrix{Float64}:
 -19.8762       -2.68938      -9.22166e-16  -0.0414725    -0.0414725    -0.157204     -0.157204
  -2.68938      -1.27663       6.93525e-16   0.0852643     0.0852643    -0.469394     -0.469394
  -9.22166e-16   6.93525e-16  -0.397644      1.19745e-15   1.31254e-15  -1.43938e-15  -1.11124e-15
  -0.0414725     0.0852643     1.19745e-15  -0.0940421    -0.0537205    -0.55684       0.0510057
  -0.0414725     0.0852643     1.31254e-15  -0.0537205    -0.0940421     0.0510057    -0.55684
  -0.157204     -0.469394     -1.43938e-15  -0.55684       0.0510057     0.00324284   -0.125267
  -0.157204     -0.469394     -1.11124e-15   0.0510057    -0.55684      -0.125267      0.00324284
F_HF
7×7 Matrix{Float64}:
 -19.8762       -2.68938      -9.22166e-16  -0.0414725    -0.0414725    -0.157204     -0.157204
  -2.68938      -1.27663       6.93525e-16   0.0852643     0.0852643    -0.469394     -0.469394
  -9.22166e-16   6.93525e-16  -0.397644      1.19745e-15   1.31254e-15  -1.43938e-15  -1.11124e-15
  -0.0414725     0.0852643     1.19745e-15  -0.0940421    -0.0537205    -0.55684       0.0510057
  -0.0414725     0.0852643     1.31254e-15  -0.0537205    -0.0940421     0.0510057    -0.55684
  -0.157204     -0.469394     -1.43938e-15  -0.55684       0.0510057     0.00324284   -0.125267
  -0.157204     -0.469394     -1.11124e-15   0.0510057    -0.55684      -0.125267      0.00324284
F_HF function
iteration: 7
7×7 Matrix{Float64}:
  2.10987     -0.466332      1.1643e-15    0.0752708     0.0752708    -0.0149125   -0.0149125
 -0.466332     2.06013      -6.29942e-15  -0.419712     -0.419712     -0.0873815   -0.0873815
  1.1643e-15  -6.29942e-15   2.0          -1.29942e-15  -1.68116e-15   6.1069e-15   4.32866e-15
  0.0752708   -0.419712     -1.29942e-15   0.937319      0.135465      0.749603    -0.062419
  0.0752708   -0.419712     -1.68116e-15   0.135465      0.937319     -0.062419     0.749603
 -0.0149125   -0.0873815     6.1069e-15    0.749603     -0.062419      0.650476    -0.171843
 -0.0149125   -0.0873815     4.32866e-15  -0.062419      0.749603     -0.171843     0.650476
this is the densityheiF_diff
0.0002824954375744704
8.841020169010916
8.841020169010916
7×7 Matrix{Float64}:
 -20.2621        6.59551e-11   2.11027e-16   1.30458e-11   7.00472e-18   4.42672e-11  -3.41439e-16
   6.59559e-11  -1.26227      -3.87981e-16  -2.70577e-10  -3.59988e-17  -1.94239e-10   7.94012e-16
   2.12026e-16  -3.49568e-16  -0.569377     -4.57122e-16   4.43698e-17   3.64017e-16  -1.81927e-10
   1.30466e-11  -2.70577e-10  -4.79612e-16  -0.480781      5.06924e-17  -1.80365e-10  -5.27103e-16
   7.00472e-18  -3.59988e-17   4.43698e-17   5.06924e-17  -0.397492      4.67934e-17  -4.31732e-17
   4.42673e-11  -1.94239e-10   3.21316e-16  -1.80365e-10   4.67934e-17   0.582524      5.73415e-16
  -4.11629e-16   6.30289e-16  -1.81927e-10  -5.34499e-16  -4.31732e-17   3.37796e-16   0.658076
F_eEnergy, pHF:-74.96117032669767
7×7 Matrix{Float64}:
 -19.876        -2.68942      -8.30704e-16  -0.0414757    -0.0414757    -0.157183     -0.157183
  -2.68942      -1.27632       5.26336e-16   0.0852397     0.0852397    -0.469526     -0.469526
  -8.30704e-16   5.26336e-16  -0.397532     -2.52516e-17   2.19071e-16  -9.86391e-16  -6.64524e-16
  -0.0414757     0.0852397    -2.52516e-17  -0.0940696    -0.054223     -0.556812      0.0511074
  -0.0414757     0.0852397     2.19071e-16  -0.054223     -0.0940696     0.0511074    -0.556812
  -0.157183     -0.469526     -9.86391e-16  -0.556812      0.0511074     0.00323105   -0.125094
  -0.157183     -0.469526     -6.64524e-16   0.0511074    -0.556812     -0.125094      0.00323105
F_HF
7×7 Matrix{Float64}:
 -19.876        -2.68942      -8.30704e-16  -0.0414757    -0.0414757    -0.157183     -0.157183
  -2.68942      -1.27632       5.26336e-16   0.0852397     0.0852397    -0.469526     -0.469526
  -8.30704e-16   5.26336e-16  -0.397532     -2.52516e-17   2.19071e-16  -9.86391e-16  -6.64524e-16
  -0.0414757     0.0852397    -2.52516e-17  -0.0940696    -0.054223     -0.556812      0.0511074
  -0.0414757     0.0852397     2.19071e-16  -0.054223     -0.0940696     0.0511074    -0.556812
  -0.157183     -0.469526     -9.86391e-16  -0.556812      0.0511074     0.00323105   -0.125094
  -0.157183     -0.469526     -6.64524e-16   0.0511074    -0.556812     -0.125094      0.00323105
F_HF function
iteration: 8
7×7 Matrix{Float64}:
  2.10984      -0.466169      4.92271e-16   0.0752859     0.0752859    -0.0150334    -0.0150334
 -0.466169      2.05923      -2.08794e-15  -0.419694     -0.419694     -0.0867471    -0.0867471
  4.92271e-16  -2.08794e-15   2.0          -1.48416e-15  -1.40499e-15   1.56122e-15   1.28278e-15
  0.0752859    -0.419694     -1.48416e-15   0.937513      0.136299      0.749459     -0.0626418
  0.0752859    -0.419694     -1.40499e-15   0.136299      0.937513     -0.0626418     0.749459
 -0.0150334    -0.0867471     1.56122e-15   0.749459     -0.0626418     0.650492     -0.172644
 -0.0150334    -0.0867471     1.28278e-15  -0.0626418     0.749459     -0.172644      0.650492
this is the densityheiF_diff
3.7288511674504754e-6
8.841020169010916
8.841020169010916
7×7 Matrix{Float64}:
 -20.2621        6.59551e-11   2.11027e-16   1.30458e-11   7.00472e-18   4.42672e-11  -3.41439e-16
   6.59559e-11  -1.26227      -3.87981e-16  -2.70577e-10  -3.59988e-17  -1.94239e-10   7.94012e-16
   2.12026e-16  -3.49568e-16  -0.569377     -4.57122e-16   4.43698e-17   3.64017e-16  -1.81927e-10
   1.30466e-11  -2.70577e-10  -4.79612e-16  -0.480781      5.06924e-17  -1.80365e-10  -5.27103e-16
   7.00472e-18  -3.59988e-17   4.43698e-17   5.06924e-17  -0.397492      4.67934e-17  -4.31732e-17
   4.42673e-11  -1.94239e-10   3.21316e-16  -1.80365e-10   4.67934e-17   0.582524      5.73415e-16
  -4.11629e-16   6.30289e-16  -1.81927e-10  -5.34499e-16  -4.31732e-17   3.37796e-16   0.658076
F_eEnergy, pHF:-74.96117097381229
7×7 Matrix{Float64}:
 -19.876        -2.68944      -6.61292e-16  -0.0414759    -0.0414759    -0.157175     -0.157175
  -2.68944      -1.27621       2.15803e-16   0.0852312     0.0852312    -0.469582     -0.469582
  -6.61292e-16   2.15803e-16  -0.397514      3.28677e-16   3.29927e-16  -2.01863e-16  -1.52829e-16
  -0.0414759     0.0852312     3.28677e-16  -0.0940943    -0.0544541    -0.556799      0.0511522
  -0.0414759     0.0852312     3.29927e-16  -0.0544541    -0.0940943     0.0511522    -0.556799
  -0.157175     -0.469582     -2.01863e-16  -0.556799      0.0511522     0.00322323   -0.125012
  -0.157175     -0.469582     -1.52829e-16   0.0511522    -0.556799     -0.125012      0.00322323
F_HF
7×7 Matrix{Float64}:
 -19.876        -2.68944      -6.61292e-16  -0.0414759    -0.0414759    -0.157175     -0.157175
  -2.68944      -1.27621       2.15803e-16   0.0852312     0.0852312    -0.469582     -0.469582
  -6.61292e-16   2.15803e-16  -0.397514      3.28677e-16   3.29927e-16  -2.01863e-16  -1.52829e-16
  -0.0414759     0.0852312     3.28677e-16  -0.0940943    -0.0544541    -0.556799      0.0511522
  -0.0414759     0.0852312     3.29927e-16  -0.0544541    -0.0940943     0.0511522    -0.556799
  -0.157175     -0.469582     -2.01863e-16  -0.556799      0.0511522     0.00322323   -0.125012
  -0.157175     -0.469582     -1.52829e-16   0.0511522    -0.556799     -0.125012      0.00322323
F_HF function
iteration: 9
7×7 Matrix{Float64}:
  2.10983     -0.466101      7.9667e-16    0.0752902     0.0752902   -0.0150852    -0.0150852
 -0.466101     2.05885      -3.61055e-15  -0.419677     -0.419677    -0.0864689    -0.0864689
  7.9667e-16  -3.61055e-15   2.0           1.88503e-15   9.1413e-16   2.63026e-15   1.73512e-15
  0.0752902   -0.419677      1.88503e-15   0.937602      0.136676     0.749394     -0.0627421
  0.0752902   -0.419677      9.1413e-16    0.136676      0.937602    -0.0627421     0.749394
 -0.0150852   -0.0864689     2.63026e-15   0.749394     -0.0627421    0.650496     -0.173008
 -0.0150852   -0.0864689     1.73512e-15  -0.0627421     0.749394    -0.173008      0.650496
this is the densityheiF_diff
1.9973394331906924e-5
8.841020169010916
8.841020169010916
7×7 Matrix{Float64}:
 -20.2621        6.59551e-11   2.11027e-16   1.30458e-11   7.00472e-18   4.42672e-11  -3.41439e-16
   6.59559e-11  -1.26227      -3.87981e-16  -2.70577e-10  -3.59988e-17  -1.94239e-10   7.94012e-16
   2.12026e-16  -3.49568e-16  -0.569377     -4.57122e-16   4.43698e-17   3.64017e-16  -1.81927e-10
   1.30466e-11  -2.70577e-10  -4.79612e-16  -0.480781      5.06924e-17  -1.80365e-10  -5.27103e-16
   7.00472e-18  -3.59988e-17   4.43698e-17   5.06924e-17  -0.397492      4.67934e-17  -4.31732e-17
   4.42673e-11  -1.94239e-10   3.21316e-16  -1.80365e-10   4.67934e-17   0.582524      5.73415e-16
  -4.11629e-16   6.30289e-16  -1.81927e-10  -5.34499e-16  -4.31732e-17   3.37796e-16   0.658076
F_eEnergy, pHF:-74.96117110461755
7×7 Matrix{Float64}:
 -19.876        -2.68945      -7.43437e-16  -0.0414753    -0.0414753    -0.157172     -0.157172
  -2.68945      -1.27617       3.62469e-16   0.085226      0.085226     -0.469607     -0.469607
  -7.43437e-16   3.62469e-16  -0.397501     -8.24469e-16  -4.47164e-16  -4.76952e-16  -2.8373e-16
  -0.0414753     0.085226     -8.24469e-16  -0.0941019    -0.0545588    -0.556793      0.0511721
  -0.0414753     0.085226     -4.47164e-16  -0.0545588    -0.0941019     0.0511721    -0.556793
  -0.157172     -0.469607     -4.76952e-16  -0.556793      0.0511721     0.003222     -0.124973
  -0.157172     -0.469607     -2.8373e-16    0.0511721    -0.556793     -0.124973      0.003222
F_HF
7×7 Matrix{Float64}:
 -19.876        -2.68945      -7.43437e-16  -0.0414753    -0.0414753    -0.157172     -0.157172
  -2.68945      -1.27617       3.62469e-16   0.085226      0.085226     -0.469607     -0.469607
  -7.43437e-16   3.62469e-16  -0.397501     -8.24469e-16  -4.47164e-16  -4.76952e-16  -2.8373e-16
  -0.0414753     0.085226     -8.24469e-16  -0.0941019    -0.0545588    -0.556793      0.0511721
  -0.0414753     0.085226     -4.47164e-16  -0.0545588    -0.0941019     0.0511721    -0.556793
  -0.157172     -0.469607     -4.76952e-16  -0.556793      0.0511721     0.003222     -0.124973
  -0.157172     -0.469607     -2.8373e-16    0.0511721    -0.556793     -0.124973      0.003222
F_HF function
iteration: 10
7×7 Matrix{Float64}:
  2.10982      -0.466071      3.03686e-16   0.0752918     0.0752918    -0.0151079    -0.0151079
 -0.466071      2.05868      -9.84028e-16  -0.419668     -0.419668     -0.0863461    -0.0863461
  3.03686e-16  -9.84028e-16   2.0           4.65097e-16   6.58716e-16   3.35832e-16   7.67866e-16
  0.0752918    -0.419668      4.65097e-16   0.93764       0.136847      0.749365     -0.0627871
  0.0752918    -0.419668      6.58716e-16   0.136847      0.93764      -0.0627871     0.749365
 -0.0151079    -0.0863461     3.35832e-16   0.749365     -0.0627871     0.650499     -0.173174
 -0.0151079    -0.0863461     7.67866e-16  -0.0627871     0.749365     -0.173174      0.650499
this is the densityheiF_diff
6.981145244611131e-6
8.841020169010916
8.841020169010916
7×7 Matrix{Float64}:
 -20.2621        6.59551e-11   2.11027e-16   1.30458e-11   7.00472e-18   4.42672e-11  -3.41439e-16
   6.59559e-11  -1.26227      -3.87981e-16  -2.70577e-10  -3.59988e-17  -1.94239e-10   7.94012e-16
   2.12026e-16  -3.49568e-16  -0.569377     -4.57122e-16   4.43698e-17   3.64017e-16  -1.81927e-10
   1.30466e-11  -2.70577e-10  -4.79612e-16  -0.480781      5.06924e-17  -1.80365e-10  -5.27103e-16
   7.00472e-18  -3.59988e-17   4.43698e-17   5.06924e-17  -0.397492      4.67934e-17  -4.31732e-17
   4.42673e-11  -1.94239e-10   3.21316e-16  -1.80365e-10   4.67934e-17   0.582524      5.73415e-16
  -4.11629e-16   6.30289e-16  -1.81927e-10  -5.34499e-16  -4.31732e-17   3.37796e-16   0.658076
F_eEnergy, pHF:-74.9611711311249
7×7 Matrix{Float64}:
 -19.876        -2.68945      -6.10719e-16  -0.041475     -0.041475     -0.15717      -0.15717
  -2.68945      -1.27615       1.31686e-16   0.0852236     0.0852236    -0.469617     -0.469617
  -6.10719e-16   1.31686e-16  -0.397496     -2.16561e-16  -2.97122e-16  -6.65227e-17  -1.42868e-16
  -0.041475      0.0852236    -2.16561e-16  -0.0941053    -0.0546061    -0.556791      0.051181
  -0.041475      0.0852236    -2.97122e-16  -0.0546061    -0.0941053     0.051181     -0.556791
  -0.15717      -0.469617     -6.65227e-17  -0.556791      0.051181      0.00322161   -0.124956
  -0.15717      -0.469617     -1.42868e-16   0.051181     -0.556791     -0.124956      0.00322161
F_HF
7×7 Matrix{Float64}:
 -19.876        -2.68945      -6.10719e-16  -0.041475     -0.041475     -0.15717      -0.15717
  -2.68945      -1.27615       1.31686e-16   0.0852236     0.0852236    -0.469617     -0.469617
  -6.10719e-16   1.31686e-16  -0.397496     -2.16561e-16  -2.97122e-16  -6.65227e-17  -1.42868e-16
  -0.041475      0.0852236    -2.16561e-16  -0.0941053    -0.0546061    -0.556791      0.051181
  -0.041475      0.0852236    -2.97122e-16  -0.0546061    -0.0941053     0.051181     -0.556791
  -0.15717      -0.469617     -6.65227e-17  -0.556791      0.051181      0.00322161   -0.124956
  -0.15717      -0.469617     -1.42868e-16   0.051181     -0.556791     -0.124956      0.00322161
F_HF function
iteration: 11
7×7 Matrix{Float64}:
  2.10982      -0.466058     -4.77829e-17   0.0752923     0.0752923    -0.015118     -0.015118
 -0.466058      2.0586        9.60742e-16  -0.419663     -0.419663     -0.0862912    -0.0862912
 -4.77829e-17   9.60742e-16   2.0          -8.60087e-17  -2.02958e-15   2.41245e-16  -1.82905e-15
  0.0752923    -0.419663     -8.60087e-17   0.937657      0.136924      0.749353     -0.0628073
  0.0752923    -0.419663     -2.02958e-15   0.136924      0.937657     -0.0628073     0.749353
 -0.015118     -0.0862912     2.41245e-16   0.749353     -0.0628073     0.650501     -0.173249
 -0.015118     -0.0862912    -1.82905e-15  -0.0628073     0.749353     -0.173249      0.650501
this is the densityheiF_diff
3.5053851446531503e-6
8.841020169010916
8.841020169010916
7×7 Matrix{Float64}:
 -20.2621        6.59551e-11   2.11027e-16   1.30458e-11   7.00472e-18   4.42672e-11  -3.41439e-16
   6.59559e-11  -1.26227      -3.87981e-16  -2.70577e-10  -3.59988e-17  -1.94239e-10   7.94012e-16
   2.12026e-16  -3.49568e-16  -0.569377     -4.57122e-16   4.43698e-17   3.64017e-16  -1.81927e-10
   1.30466e-11  -2.70577e-10  -4.79612e-16  -0.480781      5.06924e-17  -1.80365e-10  -5.27103e-16
   7.00472e-18  -3.59988e-17   4.43698e-17   5.06924e-17  -0.397492      4.67934e-17  -4.31732e-17
   4.42673e-11  -1.94239e-10   3.21316e-16  -1.80365e-10   4.67934e-17   0.582524      5.73415e-16
  -4.11629e-16   6.30289e-16  -1.81927e-10  -5.34499e-16  -4.31732e-17   3.37796e-16   0.658076
F_eEnergy, pHF:-74.9611711365001
7×7 Matrix{Float64}:
 -19.876        -2.68945      -5.18247e-16  -0.0414748    -0.0414748    -0.15717      -0.15717
  -2.68945      -1.27614      -3.41659e-17   0.0852225     0.0852225    -0.469622     -0.469622
  -5.18247e-16  -3.41659e-17  -0.397493     -2.94813e-17   7.34491e-16  0 O 2s           0.02549   0.84504  -0.00000   0.56083  -0.00000
0 O 2px         -0.00000   0.00000   0.00000   0.00000   1.00000
0 O 2py          0.00303   0.09033  -0.44740  -0.51039   0.00000
0 O 2pz          0.00303   0.09033   0.44740  -0.51039  -0.00000
1 H 1s          -0.00535   0.15421  -0.45382  -0.30901   0.00000
2 H 1s          -0.00535   0.15421   0.45382  -0.30901  -0.00000
               #5        #6       
0 O 1s          -0.11970   0.00000
0 O 2s           0.77817  -0.00000
0 O 2px         -0.00000   0.00000
0 O 2py          0.57269  -0.65265
0 O 2pz          0.57269   0.65265
1 H 1s          -0.74586   0.82206
2 H 1s          -0.74586  -0.82206
               #0        #1        #2        #3        #4       
0 O 1s           0.99427  -0.23330   0.00000  -0.10915   0.00000
0 O 2s           0.02549   0.84504  -0.00000   0.56083  -0.00000
0 O 2px         -0.00000   0.00000   0.00000   0.00000   1.00000
0 O 2py          0.00303   0.09033  -0.44740  -0.51039   0.00000
0 O 2pz          0.00303   0.09033   0.44740  -0.51039  -0.00000
1 H 1s          -0.00535   0.15421  -0.45382  -0.30901   0.00000
2 H 1s          -0.00535   0.15421   0.45382  -0.30901  -0.00000
               #5        #6       
0 O 1s          -0.11970   0.00000
0 O 2s           0.77817  -0.00000
0 O 2px         -0.00000   0.00000
0 O 2py          0.57269  -0.65265
0 O 2pz          0.57269   0.65265
1 H 1s          -0.74586   0.82206
2 H 1s          -0.74586  -0.82206
               #0        #1        #2        #3        #4       
0 O 1s           0.99427  -0.23330   0.00000  -0.10915   0.00000
0 O 2s           0.02549   0.84504  -0.00000   0.56083  -0.00000
0 O 2px         -0.00000   0.00000   0.00000   0.00000   1.00000
0 O 2py          0.00303   0.09033  -0.44740  -0.51039   0.00000
0 O 2pz          0.00303   0.09033   0.44740  -0.51039  -0.00000
1 H 1s          -0.00535   0.15421  -0.45382  -0.30901   0.00000
2 H 1s          -0.00535   0.15421   0.45382  -0.30901  -0.00000
               #5        #6       
0 O 1s          -0.11970   0.00000
0 O 2s           0.77817  -0.00000
0 O 2px         -0.00000   0.00000
0 O 2py          0.57269  -0.65265
0 O 2pz          0.57269   0.65265
1 H 1s          -0.74586   0.82206
2 H 1s          -0.74586  -0.82206
               #0        #1        #2        #3        #4       
0 O 1s           0.99427  -0.23330   0.00000  -0.10915   0.00000
0 O 2s           0.02549   0.84504  -0.00000   0.56083  -0.00000
0 O 2px         -0.00000   0.00000   0.00000   0.00000   1.00000
0 O 2py          0.00303   0.09033  -0.44740  -0.51039   0.00000
0 O 2pz          0.00303   0.09033   0.44740  -0.51039  -0.00000
1 H 1s          -0.00535   0.15421  -0.45382  -0.30901   0.00000
2 H 1s          -0.00535   0.15421   0.45382  -0.30901  -0.00000
               #5        #6       
0 O 1s          -0.11970   0.00000
0 O 2s           0.77817  -0.00000
0 O 2px         -0.00000   0.00000
0 O 2py          0.57269  -0.65265
0 O 2pz          0.57269   0.65265
1 H 1s          -0.74586   0.82206
2 H 1s          -0.74586  -0.82206
               #0        #1        #2        #3        #4       
0 O 1s           0.99427  -0.23330   0.00000  -0.10915   0.00000
0 O 2s           0.02549   0.84504  -0.00000   0.56083  -0.00000
0 O 2px         -0.00000   0.00000   0.00000   0.00000   1.00000
0 O 2py          0.00303   0.09033  -0.44740  -0.51039   0.00000
0 O 2pz          0.00303   0.09033   0.44740  -0.51039  -0.00000
1 H 1s          -0.00535   0.15421  -0.45382  -0.30901   0.00000
2 H 1s          -0.00535   0.15421   0.45382  -0.30901  -0.00000
               #5        #6       
0 O 1s          -0.11970   0.00000
0 O 2s           0.77817  -0.00000
0 O 2px         -0.00000   0.00000
0 O 2py          0.57269  -0.65265
0 O 2pz          0.57269   0.65265
1 H 1s          -0.74586   0.82206
2 H 1s          -0.74586  -0.82206
               #0        #1        #2        #3        #4       
0 O 1s           0.99427  -0.23330   0.00000  -0.10915   0.00000
0 O 2s           0.02549   0.84504  -0.00000   0.56083  -0.00000
0 O 2px         -0.00000   0.00000   0.00000   0.00000   1.00000
0 O 2py          0.00303   0.09033  -0.44740  -0.51039   0.00000
0 O 2pz          0.00303   0.09033   0.44740  -0.51039  -0.00000
1 H 1s          -0.00535   0.15421  -0.45382  -0.30901   0.00000
2 H 1s          -0.00535   0.15421   0.45382  -0.30901  -0.00000
               #5        #6       
0 O 1s          -0.11970   0.00000
0 O 2s           0.77817  -0.00000
0 O 2px         -0.00000   0.00000
0 O 2py          0.57269  -0.65265
0 O 2pz          0.57269   0.65265
1 H 1s          -0.74586   0.82206
2 H 1s          -0.74586  -0.82206
               #0        #1        #2        #3        #4       
0 O 1s           0.99427  -0.23330   0.00000  -0.10915   0.00000
0 O 2s           0.02549   0.84504  -0.00000   0.56083  -0.00000
0 O 2px         -0.00000   0.00000   0.00000   0.00000   1.00000
0 O 2py          0.00303   0.09033  -0.44740  -0.51039   0.00000
0 O 2pz          0.00303   0.09033   0.44740  -0.51039  -0.00000
1 H 1s          -0.00535   0.15421  -0.45382  -0.30901   0.00000
2 H 1s          -0.00535   0.15421   0.45382  -0.30901  -0.00000
               #5        #6       
0 O 1s          -0.11970   0.00000
0 O 2s           0.77817  -0.00000
0 O 2px         -0.00000   0.00000
0 O 2py          0.57269  -0.65265
0 O 2pz          0.57269   0.65265
1 H 1s          -0.74586   0.82206
2 H 1s          -0.74586  -0.82206
               #0        #1        #2        #3        #4       
0 O 1s           0.99427  -0.23330   0.00000  -0.10915   0.00000
0 O 2s           0.02549   0.84504  -0.00000   0.56083  -0.00000
0 O 2px         -0.00000   0.00000   0.00000   0.00000   1.00000
0 O 2py          0.00303   0.09033  -0.44740  -0.51039   0.00000
0 O 2pz          0.00303   0.09033   0.44740  -0.51039  -0.00000
1 H 1s          -0.00535   0.15421  -0.45382  -0.30901   0.00000
2 H 1s          -0.00535   0.15421   0.45382  -0.30901  -0.00000
               #5        #6       
0 O 1s          -0.11970   0.00000
0 O 2s           0.77817  -0.00000
0 O 2px         -0.00000   0.00000
0 O 2py          0.57269  -0.65265
0 O 2pz          0.57269   0.65265
1 H 1s          -0.74586   0.82206
2 H 1s          -0.74586  -0.82206
               #0        #1        #2        #3        #4       
0 O 1s           0.99427  -0.23330   0.00000  -0.10915   0.00000
0 O 2s           0.02549   0.84504  -0.00000   0.56083  -0.00000
0 O 2px         -0.00000   0.00000   0.00000   0.00000   1.00000
0 O 2py          0.00303   0.09033  -0.44740  -0.51039   0.00000
0 O 2pz          0.00303   0.09033   0.44740  -0.51039  -0.00000
1 H 1s          -0.00535   0.15421  -0.45382  -0.30901   0.00000
2 H 1s          -0.00535   0.15421   0.45382  -0.30901  -0.00000
               #5        #6       
0 O 1s          -0.11970   0.00000
0 O 2s           0.77817  -0.00000
0 O 2px         -0.00000   0.00000
0 O 2py          0.57269  -0.65265
0 O 2pz          0.57269   0.65265
1 H 1s          -0.74586   0.82206
2 H 1s          -0.74586  -0.82206
               #0        #1        #2        #3        #4       
0 O 1s           0.99427  -0.23330   0.00000  -0.10915   0.00000
0 O 2s           0.02549   0.84504  -0.00000   0.56083  -0.00000
0 O 2px         -0.00000   0.00000   0.00000   0.00000   1.00000
0 O 2py          0.00303   0.09033  -0.44740  -0.51039   0.00000
0 O 2pz          0.00303   0.09033   0.44740  -0.51039  -0.00000
1 H 1s          -0.00535   0.15421  -0.45382  -0.30901   0.00000
2 H 1s          -0.00535   0.15421   0.45382  -0.30901  -0.00000
               #5        #6       
0 O 1s          -0.11970   0.00000
0 O 2s           0.77817  -0.00000
0 O 2px         -0.00000   0.00000
0 O 2py          0.57269  -0.65265
0 O 2pz          0.57269   0.65265
1 H 1s          -0.74586   0.82206
2 H 1s          -0.74586  -0.82206
               #0        #1        #2        #3        #4       
0 O 1s           0.99427  -0.23330   0.00000  -0.10915   0.00000
0 O 2s           0.02549   0.84504  -0.00000   0.56083  -0.00000
0 O 2px         -0.00000   0.00000   0.00000   0.00000   1.00000
-5.03923e-17   3.79344e-16
  -0.0414748     0.0852225    -2.94813e-17  -0.0941068    -0.0546275    -0.556789      0.051185
  -0.0414748     0.0852225     7.34491e-16  -0.0546275    -0.0941068     0.051185     -0.556789
  -0.15717      -0.469622     -5.03923e-17  -0.556789      0.051185      0.00322152   -0.124948
  -0.15717      -0.469622      3.79344e-16   0.051185     -0.556789     -0.124948      0.00322152
F_HF
7×7 Matrix{Float64}:
 -19.876        -2.68945      -5.18247e-16  -0.0414748    -0.0414748    -0.15717      -0.15717
  -2.68945      -1.27614      -3.41659e-17   0.0852225     0.0852225    -0.469622     -0.469622
  -5.18247e-16  -3.41659e-17  -0.397493     -2.94813e-17   7.34491e-16  -5.03923e-17   3.79344e-16
  -0.0414748     0.0852225    -2.94813e-17  -0.0941068    -0.0546275    -0.556789      0.051185
  -0.0414748     0.0852225     7.34491e-16  -0.0546275    -0.0941068     0.051185     -0.556789
  -0.15717      -0.469622     -5.03923e-17  -0.556789      0.051185      0.00322152   -0.124948
  -0.15717      -0.469622      3.79344e-16   0.051185     -0.556789     -0.124948      0.00322152
F_HF function
iteration: 12
7×7 Matrix{Float64}:
  2.10982      -0.466052     4.08033e-16   0.0752926    0.0752926  -0.0151225    -0.0151225
 -0.466052      2.05857     -1.5185e-15   -0.419661    -0.419661   -0.0862667    -0.0862667
  4.08033e-16  -1.5185e-15   2.0           1.0007e-15   4.548e-16   7.09381e-16   9.76409e-16
  0.0752926    -0.419661     1.0007e-15    0.937665     0.136959    0.749347     -0.0628164
  0.0752926    -0.419661     4.548e-16     0.136959     0.937665   -0.0628164     0.749347
 -0.0151225    -0.0862667    7.09381e-16   0.749347    -0.0628164   0.650502     -0.173283
 -0.0151225    -0.0862667    9.76409e-16  -0.0628164    0.749347   -0.173283      0.650502
this is the densityheiF_diff
1.5522033581238937e-6
8.841020169010916
8.841020169010916
7×7 Matrix{Float64}:
 -20.2621        6.59551e-11   2.11027e-16   1.30458e-11   7.00472e-18   4.42672e-11  -3.41439e-16
   6.59559e-11  -1.26227      -3.87981e-16  -2.70577e-10  -3.59988e-17  -1.94239e-10   7.94012e-16
   2.12026e-16  -3.49568e-16  -0.569377     -4.57122e-16   4.43698e-17   3.64017e-16  -1.81927e-10
   1.30466e-11  -2.70577e-10  -4.79612e-16  -0.480781      5.06924e-17  -1.80365e-10  -5.27103e-16
   7.00472e-18  -3.59988e-17   4.43698e-17   5.06924e-17  -0.397492      4.67934e-17  -4.31732e-17
   4.42673e-11  -1.94239e-10   3.21316e-16  -1.80365e-10   4.67934e-17   0.582524      5.73415e-16
  -4.11629e-16   6.30289e-16  -1.81927e-10  -5.34499e-16  -4.31732e-17   3.37796e-16   0.658076
F_eEnergy, pHF:-74.96117113759027
7×7 Matrix{Float64}:
 -19.876        -2.68945      -6.39231e-16  -0.0414747    -0.0414747    -0.157169     -0.157169
  -2.68945      -1.27613       1.80615e-16   0.085222      0.085222     -0.469624     -0.469624
  -6.39231e-16   1.80615e-16  -0.397492     -4.13648e-16  -2.46465e-16  -1.41449e-16  -1.62163e-16
  -0.0414747     0.085222     -4.13648e-16  -0.0941074    -0.0546371    -0.556789      0.0511868
  -0.0414747     0.085222     -2.46465e-16  -0.0546371    -0.0941074     0.0511868    -0.556789
  -0.157169     -0.469624     -1.41449e-16  -0.556789      0.0511868     0.00322149   -0.124944
  -0.157169     -0.469624     -1.62163e-16   0.0511868    -0.556789     -0.124944      0.00322149
F_HF
7×7 Matrix{Float64}:
 -19.876        -2.68945      -6.39231e-16  -0.0414747    -0.0414747    -0.157169     -0.157169
  -2.68945      -1.27613       1.80615e-16   0.085222      0.085222     -0.469624     -0.469624
  -6.39231e-16   1.80615e-16  -0.397492     -4.13648e-16  -2.46465e-16  -1.41449e-16  -1.62163e-16
  -0.0414747     0.085222     -4.13648e-16  -0.0941074    -0.0546371    -0.556789      0.0511868
  -0.0414747     0.085222     -2.46465e-16  -0.0546371    -0.0941074     0.0511868    -0.556789
  -0.157169     -0.469624     -1.41449e-16  -0.556789      0.0511868     0.00322149   -0.124944
  -0.157169     -0.469624     -1.62163e-16   0.0511868    -0.556789     -0.124944      0.00322149
F_HF function
iteration: 13
7×7 Matrix{Float64}:
  2.10982     -0.466049      1.8545e-16    0.0752927     0.0752927    -0.0151246    -0.0151246
 -0.466049     2.05856      -2.43494e-16  -0.41966      -0.41966      -0.0862556    -0.0862556
  1.8545e-16  -2.43494e-16   2.0           1.73951e-16   2.82832e-17  -4.46264e-16   2.18863e-16
  0.0752927   -0.41966       1.73951e-16   0.937668      0.136974      0.749344     -0.0628205
  0.0752927   -0.41966       2.82832e-17   0.136974      0.937668     -0.0628205     0.749344
 -0.0151246   -0.0862556    -4.46264e-16   0.749344     -0.0628205     0.650502     -0.173298
 -0.0151246   -0.0862556     2.18863e-16  -0.0628205     0.749344     -0.173298      0.650502
this is the densityheiF_diff
7.075162116731981e-7
8.841020169010916
8.841020169010916
7×7 Matrix{Float64}:
 -20.2621        6.59551e-11   2.11027e-16   1.30458e-11   7.00472e-18   4.42672e-11  -3.41439e-16
   6.59559e-11  -1.26227      -3.87981e-16  -2.70577e-10  -3.59988e-17  -1.94239e-10   7.94012e-16
   2.12026e-16  -3.49568e-16  -0.569377     -4.57122e-16   4.43698e-17   3.64017e-16  -1.81927e-10
   1.30466e-11  -2.70577e-10  -4.79612e-16  -0.480781      5.06924e-17  -1.80365e-10  -5.27103e-16
   7.00472e-18  -3.59988e-17   4.43698e-17   5.06924e-17  -0.397492      4.67934e-17  -4.31732e-17
   4.42673e-11  -1.94239e-10   3.21316e-16  -1.80365e-10   4.67934e-17   0.582524      5.73415e-16
  -4.11629e-16   6.30289e-16  -1.81927e-10  -5.34499e-16  -4.31732e-17   3.37796e-16   0.658076
F_eEnergy, pHF:-74.96117113781136
7×7 Matrix{Float64}:
 -19.876        -2.68945      -5.81277e-16  -0.0414747    -0.0414747    -0.157169     -0.157169
  -2.68945      -1.27613       7.62072e-17   0.0852218     0.0852218    -0.469625     -0.469625
  -5.81277e-16   7.62072e-17  -0.397492     -7.24866e-17  -5.89848e-17   7.71113e-17  -2.63561e-17
  -0.0414747     0.0852218    -7.24866e-17  -0.0941077    -0.0546414    -0.556789      0.0511876
  -0.0414747     0.0852218    -5.89848e-17  -0.0546414    -0.0941077     0.0511876    -0.556789
  -0.157169     -0.469625      7.71113e-17  -0.556789      0.0511876     0.00322148   -0.124943
  -0.157169     -0.469625     -2.63561e-17   0.0511876    -0.556789     -0.124943      0.00322148
F_HF
7×7 Matrix{Float64}:
 -19.876        -2.68945      -5.81277e-16  -0.0414747    -0.0414747    -0.157169     -0.157169
  -2.68945      -1.27613       7.62072e-17   0.0852218     0.0852218    -0.469625     -0.469625
  -5.81277e-16   7.62072e-17  -0.397492     -7.24866e-17  -5.89848e-17   7.71113e-17  -2.63561e-17
  -0.0414747     0.0852218    -7.24866e-17  -0.0941077    -0.0546414    -0.556789      0.0511876
  -0.0414747     0.0852218    -5.89848e-17  -0.0546414    -0.0941077     0.0511876    -0.556789
  -0.157169     -0.469625      7.71113e-17  -0.556789      0.0511876     0.00322148   -0.124943
  -0.157169     -0.469625     -2.63561e-17   0.0511876    -0.556789     -0.124943      0.00322148
F_HF function
iteration: 14
7×7 Matrix{Float64}:
  2.10982      -0.466048      1.33007e-16   0.0752927     0.0752927    -0.0151255    -0.0151255
 -0.466048      2.05855       5.18498e-17  -0.41966      -0.41966      -0.0862506    -0.0862506
  1.33007e-16   5.18498e-17   2.0           5.98351e-16  -1.30177e-16   1.83528e-17  -6.96352e-16
  0.0752927    -0.41966       5.98351e-16   0.93767       0.136981      0.749343     -0.0628224
  0.0752927    -0.41966      -1.30177e-16   0.136981      0.93767      -0.0628224     0.749343
 -0.0151255    -0.0862506     1.83528e-17   0.749343     -0.0628224     0.650502     -0.173305
 -0.0151255    -0.0862506    -6.96352e-16  -0.0628224     0.749343     -0.173305      0.650502
this is the densityheiF_diff
3.186600913696047e-7
8.841020169010916
8.841020169010916
7×7 Matrix{Float64}:
 -20.2621        6.59551e-11   2.11027e-16   1.30458e-11   7.00472e-18   4.42672e-11  -3.41439e-16
   6.59559e-11  -1.26227      -3.87981e-16  -2.70577e-10  -3.59988e-17  -1.94239e-10   7.94012e-16
   2.12026e-16  -3.49568e-16  -0.569377     -4.57122e-16   4.43698e-17   3.64017e-16  -1.81927e-10
   1.30466e-11  -2.70577e-10  -4.79612e-16  -0.480781      5.06924e-17  -1.80365e-10  -5.27103e-16
   7.00472e-18  -3.59988e-17   4.43698e-17   5.06924e-17  -0.397492      4.67934e-17  -4.31732e-17
   4.42673e-11  -1.94239e-10   3.21316e-16  -1.80365e-10   4.67934e-17   0.582524      5.73415e-16
  -4.11629e-16   6.30289e-16  -1.81927e-10  -5.34499e-16  -4.31732e-17   3.37796e-16   0.658076
F_eEnergy, pHF:-74.96117113785625
7×7 Matrix{Float64}:
 -19.876        -2.68946      -5.67123e-16  -0.0414746   -0.0414746    -0.157169     -0.157169
  -2.68946      -1.27613       5.26746e-17   0.0852217    0.0852217    -0.469626     -0.469626
  -5.67123e-16   5.26746e-17  -0.397492     -2.3753e-16   5.05616e-17  -1.92946e-17   1.34153e-16
  -0.0414746     0.0852217    -2.3753e-16   -0.0941078   -0.0546434    -0.556789      0.051188
  -0.0414746     0.0852217     5.05616e-17  -0.0546434   -0.0941078     0.051188     -0.556789
  -0.157169     -0.469626     -1.92946e-17  -0.556789     0.051188      0.00322148   -0.124942
  -0.157169     -0.469626      1.34153e-16   0.051188    -0.556789     -0.124942      0.00322148
F_HF
7×7 Matrix{Float64}:
 -19.876        -2.68946      -5.67123e-16  -0.0414746   -0.0414746    -0.157169     -0.157169
  -2.68946      -1.27613       5.26746e-17   0.0852217    0.0852217    -0.469626     -0.469626
  -5.67123e-16   5.26746e-17  -0.397492     -2.3753e-16   5.05616e-17  -1.92946e-17   1.34153e-16
  -0.0414746     0.0852217    -2.3753e-16   -0.0941078   -0.0546434    -0.556789      0.051188
  -0.0414746     0.0852217     5.05616e-17  -0.0546434   -0.0941078     0.051188     -0.556789
  -0.157169     -0.469626     -1.92946e-17  -0.556789     0.051188      0.00322148   -0.124942
  -0.157169     -0.469626      1.34153e-16   0.051188    -0.556789     -0.124942      0.00322148
F_HF function
iteration: 15
7×7 Matrix{Float64}:
  2.10982      -0.466048     -4.29802e-16   0.0752927     0.0752927    -0.0151259    -0.0151259
 -0.466048      2.05855       2.97088e-15  -0.41966      -0.41966      -0.0862484    -0.0862484
 -4.29802e-16   2.97088e-15   2.0          -2.19054e-15  -2.62481e-15  -1.99297e-15  -1.9691e-15
  0.0752927    -0.41966      -2.19054e-15   0.93767       0.136984      0.749343     -0.0628232
  0.0752927    -0.41966      -2.62481e-15   0.136984      0.93767      -0.0628232     0.749343
 -0.0151259    -0.0862484    -1.99297e-15   0.749343     -0.0628232     0.650502     -0.173308
 -0.0151259    -0.0862484    -1.9691e-15   -0.0628232     0.749343     -0.173308      0.650502
this is the densityheiF_diff
1.4377578216873133e-7
8.841020169010916
8.841020169010916
7×7 Matrix{Float64}:
 -20.2621        6.59551e-11   2.11027e-16   1.30458e-11   7.00472e-18   4.42672e-11  -3.41439e-16
   6.59559e-11  -1.26227      -3.87981e-16  -2.70577e-10  -3.59988e-17  -1.94239e-10   7.94012e-16
   2.12026e-16  -3.49568e-16  -0.569377     -4.57122e-16   4.43698e-17   3.64017e-16  -1.81927e-10
   1.30466e-11  -2.70577e-10  -4.79612e-16  -0.480781      5.06924e-17  -1.80365e-10  -5.27103e-16
   7.00472e-18  -3.59988e-17   4.43698e-17   5.06924e-17  -0.397492      4.67934e-17  -4.31732e-17
   4.42673e-11  -1.94239e-10   3.21316e-16  -1.80365e-10   4.67934e-17   0.582524      5.73415e-16
  -4.11629e-16   6.30289e-16  -1.81927e-10  -5.34499e-16  -4.31732e-17   3.37796e-16   0.658076
F_eEnergy, pHF:-74.96117113786535
7×7 Matrix{Float64}:
 -19.876        -2.68946      -4.15646e-16  -0.0414746    -0.0414746    -0.157169     -0.157169
  -2.68946      -1.27613      -2.14937e-16   0.0852216     0.0852216    -0.469626     -0.469626
  -4.15646e-16  -2.14937e-16  -0.397492      7.92834e-16   9.39634e-16   3.78933e-16   3.95521e-16
  -0.0414746     0.0852216     7.92834e-16  -0.0941079    -0.0546443    -0.556788      0.0511882
  -0.0414746     0.0852216     9.39634e-16  -0.0546443    -0.0941079     0.0511882    -0.556788
  -0.157169     -0.469626      3.78933e-16  -0.556788      0.0511882     0.00322148   -0.124942
  -0.157169     -0.469626      3.95521e-16   0.0511882    -0.556788     -0.124942      0.00322148
F_HF
7×7 Matrix{Float64}:
 -19.876        -2.68946      -4.15646e-16  -0.0414746    -0.0414746    -0.157169     -0.157169
  -2.68946      -1.27613      -2.14937e-16   0.0852216     0.0852216    -0.469626     -0.469626
  -4.15646e-16  -2.14937e-16  -0.397492      7.92834e-16   9.39634e-16   3.78933e-16   3.95521e-16
  -0.0414746     0.0852216     7.92834e-16  -0.0941079    -0.0546443    -0.556788      0.0511882
  -0.0414746     0.0852216     9.39634e-16  -0.0546443    -0.0941079     0.0511882    -0.556788
  -0.157169     -0.469626      3.78933e-16  -0.556788      0.0511882     0.00322148   -0.124942
  -0.157169     -0.469626      3.95521e-16   0.0511882    -0.556788     -0.124942      0.00322148
F_HF function
iteration: 16
7×7 Matrix{Float64}:
  2.10982      -0.466047      5.16049e-16   0.0752927     0.0752927    -0.0151261    -0.0151261
 -0.466047      2.05855      -2.00217e-15  -0.41966      -0.41966      -0.0862474    -0.0862474
  5.16049e-16  -2.00217e-15   2.0           5.73707e-16   7.12361e-16   6.90281e-16   1.28647e-15
  0.0752927    -0.41966       5.73707e-16   0.937671      0.136986      0.749342     -0.0628236
  0.0752927    -0.41966       7.12361e-16   0.136986      0.937671     -0.0628236     0.749342
 -0.0151261    -0.0862474     6.90281e-16   0.749342     -0.0628236     0.650502     -0.173309
 -0.0151261    -0.0862474     1.28647e-15  -0.0628236     0.749342     -0.173309      0.650502
this is the densityheiF_diff
6.47784598739598e-8
8.841020169010916
8.841020169010916
7×7 Matrix{Float64}:
 -20.2621        6.59551e-11   2.11027e-16   1.30458e-11   7.00472e-18   4.42672e-11  -3.41439e-16
   6.59559e-11  -1.26227      -3.87981e-16  -2.70577e-10  -3.59988e-17  -1.94239e-10   7.94012e-16
   2.12026e-16  -3.49568e-16  -0.569377     -4.57122e-16   4.43698e-17   3.64017e-16  -1.81927e-10
   1.30466e-11  -2.70577e-10  -4.79612e-16  -0.480781      5.06924e-17  -1.80365e-10  -5.27103e-16
   7.00472e-18  -3.59988e-17   4.43698e-17   5.06924e-17  -0.397492      4.67934e-17  -4.31732e-17
   4.42673e-11  -1.94239e-10   3.21316e-16  -1.80365e-10   4.67934e-17   0.582524      5.73415e-16
  -4.11629e-16   6.30289e-16  -1.81927e-10  -5.34499e-16  -4.31732e-17   3.37796e-16   0.658076
F_eEnergy, pHF:-74.96117113786717
7×7 Matrix{Float64}:
 -19.876        -2.68946      -6.70572e-16  -0.0414746    -0.0414746    -0.157169     -0.157169
  -2.68946      -1.27613       2.30203e-16   0.0852216     0.0852216    -0.469626     -0.469626
  -6.70572e-16   2.30203e-16  -0.397492     -2.77333e-16  -3.50677e-16  -1.09564e-16  -2.11851e-16
  -0.0414746     0.0852216    -2.77333e-16  -0.0941079    -0.0546447    -0.556788      0.0511882
  -0.0414746     0.0852216    -3.50677e-16  -0.0546447    -0.0941079     0.0511882    -0.556788
  -0.157169     -0.469626     -1.09564e-16  -0.556788      0.0511882     0.00322148   -0.124941
  -0.157169     -0.469626     -2.11851e-16   0.0511882    -0.556788     -0.124941      0.00322148
F_HF
7×7 Matrix{Float64}:
 -19.876        -2.68946      -6.70572e-16  -0.0414746    -0.0414746    -0.157169     -0.157169
  -2.68946      -1.27613       2.30203e-16   0.0852216     0.0852216    -0.469626     -0.469626
  -6.70572e-16   2.30203e-16  -0.397492     -2.77333e-16  -3.50677e-16  -1.09564e-16  -2.11851e-16
  -0.0414746     0.0852216    -2.77333e-16  -0.0941079    -0.0546447    -0.556788      0.0511882
  -0.0414746     0.0852216    -3.50677e-16  -0.0546447    -0.0941079     0.0511882    -0.556788
  -0.157169     -0.469626     -1.09564e-16  -0.556788      0.0511882     0.00322148   -0.124941
  -0.157169     -0.469626     -2.11851e-16   0.0511882    -0.556788     -0.124941      0.00322148
F_HF function
iteration: 17
7×7 Matrix{Float64}:
  2.10982      -0.466047      4.27151e-17   0.0752927     0.0752927    -0.0151261    -0.0151261
 -0.466047      2.05854       4.01753e-16  -0.41966      -0.41966      -0.086247     -0.086247
  4.27151e-17   4.01753e-16   2.0          -3.98899e-16  -5.36982e-16  -1.77353e-16  -4.18083e-16
  0.0752927    -0.41966      -3.98899e-16   0.937671      0.136987      0.749342     -0.0628238
  0.0752927    -0.41966      -5.36982e-16   0.136987      0.937671     -0.0628238     0.749342
 -0.0151261    -0.086247     -1.77353e-16   0.749342     -0.0628238     0.650502     -0.17331
 -0.0151261    -0.086247     -4.18083e-16  -0.0628238     0.749342     -0.17331       0.650502
this is the densityheiF_diff
2.918475006108423e-8
8.841020169010916
8.841020169010916
7×7 Matrix{Float64}:
 -20.2621        6.59551e-11   2.11027e-16   1.30458e-11   7.00472e-18   4.42672e-11  -3.41439e-16
   6.59559e-11  -1.26227      -3.87981e-16  -2.70577e-10  -3.59988e-17  -1.94239e-10   7.94012e-16
   2.12026e-16  -3.49568e-16  -0.569377     -4.57122e-16   4.43698e-17   3.64017e-16  -1.81927e-10
   1.30466e-11  -2.70577e-10  -4.79612e-16  -0.480781      5.06924e-17  -1.80365e-10  -5.27103e-16
   7.00472e-18  -3.59988e-17   4.43698e-17   5.06924e-17  -0.397492      4.67934e-17  -4.31732e-17
   4.42673e-11  -1.94239e-10   3.21316e-16  -1.80365e-10   4.67934e-17   0.582524      5.73415e-16
  -4.11629e-16   6.30289e-16  -1.81927e-10  -5.34499e-16  -4.31732e-17   3.37796e-16   0.658076
F_eEnergy, pHF:-74.96117113786757
7×7 Matrix{Float64}:
 -19.876        -2.68946      -5.40849e-16  -0.0414746    -0.0414746    -0.157169     -0.157169
  -2.68946      -1.27613       8.40979e-18   0.0852216     0.0852216    -0.469626     -0.469626
  -5.40849e-16   8.40979e-18  -0.397492      9.67151e-17   1.65282e-16   3.37584e-17   8.44445e-17
  -0.0414746     0.0852216     9.67151e-17  -0.0941079    -0.0546449    -0.556788      0.0511883
  -0.0414746     0.0852216     1.65282e-16  -0.0546449    -0.0941079     0.0511883    -0.556788
  -0.157169     -0.469626      3.37584e-17  -0.556788      0.0511883     0.00322148   -0.124941
  -0.157169     -0.469626      8.44445e-17   0.0511883    -0.556788     -0.124941      0.00322148
F_HF
7×7 Matrix{Float64}:
 -19.876        -2.68946      -5.40849e-16  -0.0414746    -0.0414746    -0.157169     -0.157169
  -2.68946      -1.27613       8.40979e-18   0.0852216     0.0852216    -0.469626     -0.469626
  -5.40849e-16   8.40979e-18  -0.397492      9.67151e-17   1.65282e-16   3.37584e-17   8.44445e-17
  -0.0414746     0.0852216     9.67151e-17  -0.0941079    -0.0546449    -0.556788      0.0511883
  -0.0414746     0.0852216     1.65282e-16  -0.0546449    -0.0941079     0.0511883    -0.556788
  -0.157169     -0.469626      3.37584e-17  -0.556788      0.0511883     0.00322148   -0.124941
  -0.157169     -0.469626      8.44445e-17   0.0511883    -0.556788     -0.124941      0.00322148
F_HF function
iteration: 18
7×7 Matrix{Float64}:
  2.10982      -0.466047      1.48555e-16   0.0752928     0.0752928    -0.0151262    -0.0151262
 -0.466047      2.05854      -9.90059e-17  -0.41966      -0.41966      -0.0862468    -0.0862468
  1.48555e-16  -9.90059e-17   2.0          -8.09033e-16   4.66801e-16  -8.98385e-16   6.91132e-16
  0.0752928    -0.41966      -8.09033e-16   0.937671      0.136987      0.749342     -0.0628238
  0.0752928    -0.41966       4.66801e-16   0.136987      0.937671     -0.0628238     0.749342
 -0.0151262    -0.0862468    -8.98385e-16   0.749342     -0.0628238     0.650502     -0.17331
 -0.0151262    -0.0862468     6.91132e-16  -0.0628238     0.749342     -0.17331       0.650502
this is the densityheiF_diff
1.3145734945041454e-8
8.841020169010916
8.841020169010916
7×7 Matrix{Float64}:
 -20.2621        6.59551e-11   2.11027e-16   1.30458e-11   7.00472e-18   4.42672e-11  -3.41439e-16
   6.59559e-11  -1.26227      -3.87981e-16  -2.70577e-10  -3.59988e-17  -1.94239e-10   7.94012e-16
   2.12026e-16  -3.49568e-16  -0.569377     -4.57122e-16   4.43698e-17   3.64017e-16  -1.81927e-10
   1.30466e-11  -2.70577e-10  -4.79612e-16  -0.480781      5.06924e-17  -1.80365e-10  -5.27103e-16
   7.00472e-18  -3.59988e-17   4.43698e-17   5.06924e-17  -0.397492      4.67934e-17  -4.31732e-17
   4.42673e-11  -1.94239e-10   3.21316e-16  -1.80365e-10   4.67934e-17   0.582524      5.73415e-16
  -4.11629e-16   6.30289e-16  -1.81927e-10  -5.34499e-16  -4.31732e-17   3.37796e-16   0.658076
F_eEnergy, pHF:-74.96117113786762
7×7 Matrix{Float64}:
 -19.876        -2.68946      -5.70514e-16  -0.0414746    -0.0414746    -0.157169     -0.157169
  -2.68946      -1.27613       5.82978e-17   0.0852216     0.0852216    -0.469626     -0.469626
  -5.70514e-16   5.82978e-17  -0.397492      2.72337e-16  -2.28914e-16   1.83914e-16  -1.30007e-16
  -0.0414746     0.0852216     2.72337e-16  -0.0941079    -0.0546449    -0.556788      0.0511883
  -0.0414746     0.0852216    -2.28914e-16  -0.0546449    -0.0941079     0.0511883    -0.556788
  -0.157169     -0.469626      1.83914e-16  -0.556788      0.0511883     0.00322148   -0.124941
  -0.157169     -0.469626     -1.30007e-16   0.0511883    -0.556788     -0.124941      0.00322148
F_HF
7×7 Matrix{Float64}:
 -19.876        -2.68946      -5.70514e-16  -0.0414746    -0.0414746    -0.157169     -0.157169
  -2.68946      -1.27613       5.82978e-17   0.0852216     0.0852216    -0.469626     -0.469626
  -5.70514e-16   5.82978e-17  -0.397492      2.72337e-16  -2.28914e-16   1.83914e-16  -1.30007e-16
  -0.0414746     0.0852216     2.72337e-16  -0.0941079    -0.0546449    -0.556788      0.0511883
  -0.0414746     0.0852216    -2.28914e-16  -0.0546449    -0.0941079     0.0511883    -0.556788
  -0.157169     -0.469626      1.83914e-16  -0.556788      0.0511883     0.00322148   -0.124941
  -0.157169     -0.469626     -1.30007e-16   0.0511883    -0.556788     -0.124941      0.00322148
F_HF function
iteration: 19
7×7 Matrix{Float64}:
  2.10982      -0.466047     -2.43685e-17   0.0752928     0.0752928    -0.0151262    -0.0151262
 -0.466047      2.05854       7.60005e-16  -0.41966      -0.41966      -0.0862467    -0.0862467
 -2.43685e-17   7.60005e-16   2.0          -2.55991e-16  -9.84277e-16   6.61948e-17  -1.12016e-15
  0.0752928    -0.41966      -2.55991e-16   0.937671      0.136987      0.749342     -0.0628239
  0.0752928    -0.41966      -9.84277e-16   0.136987      0.937671     -0.0628239     0.749342
 -0.0151262    -0.0862467     6.61948e-17   0.749342     -0.0628239     0.650502     -0.17331
 -0.0151262    -0.0862467    -1.12016e-15  -0.0628239     0.749342     -0.17331       0.650502
this is the densityheiF_diff
5.92090282358626e-9
8.841020169010916
8.841020169010916
7×7 Matrix{Float64}:
 -20.2621        6.59551e-11   2.11027e-16   1.30458e-11   7.00472e-18   4.42672e-11  -3.41439e-16
   6.59559e-11  -1.26227      -3.87981e-16  -2.70577e-10  -3.59988e-17  -1.94239e-10   7.94012e-16
   2.12026e-16  -3.49568e-16  -0.569377     -4.57122e-16   4.43698e-17   3.64017e-16  -1.81927e-10
   1.30466e-11  -2.70577e-10  -4.79612e-16  -0.480781      5.06924e-17  -1.80365e-10  -5.27103e-16
   7.00472e-18  -3.59988e-17   4.43698e-17   5.06924e-17  -0.397492      4.67934e-17  -4.31732e-17
   4.42673e-11  -1.94239e-10   3.21316e-16  -1.80365e-10   4.67934e-17   0.582524      5.73415e-16
  -4.11629e-16   6.30289e-16  -1.81927e-10  -5.34499e-16  -4.31732e-17   3.37796e-16   0.658076
F_eEnergy, pHF:-74.96117113786765
7×7 Matrix{Float64}:
 -19.876        -2.68946      -5.22756e-16  -0.0414746    -0.0414746    -0.157169     -0.157169
  -2.68946      -1.27613      -2.27978e-17   0.0852216     0.0852216    -0.469626     -0.469626
  -5.22756e-16  -2.27978e-17  -0.397492      3.62854e-17   3.54237e-16  -1.74125e-17   2.16435e-16
  -0.0414746     0.0852216     3.62854e-17  -0.0941079    -0.054645     -0.556788      0.0511883
  -0.0414746     0.0852216     3.54237e-16  -0.054645     -0.0941079     0.0511883    -0.556788
  -0.157169     -0.469626     -1.74125e-17  -0.556788      0.0511883     0.00322148   -0.124941
  -0.157169     -0.469626      2.16435e-16   0.0511883    -0.556788     -0.124941      0.00322148
F_HF
7×7 Matrix{Float64}:
 -19.876        -2.68946      -5.22756e-16  -0.0414746    -0.0414746    -0.157169     -0.157169
  -2.68946      -1.27613      -2.27978e-17   0.0852216     0.0852216    -0.469626     -0.469626
  -5.22756e-16  -2.27978e-17  -0.397492      3.62854e-17   3.54237e-16  -1.74125e-17   2.16435e-16
  -0.0414746     0.0852216     3.62854e-17  -0.0941079    -0.054645     -0.556788      0.0511883
  -0.0414746     0.0852216     3.54237e-16  -0.054645     -0.0941079     0.0511883    -0.556788
  -0.157169     -0.469626     -1.74125e-17  -0.556788      0.0511883     0.00322148   -0.124941
  -0.157169     -0.469626      2.16435e-16   0.0511883    -0.556788     -0.124941      0.00322148
F_HF function
iteration: 20
7×7 Matrix{Float64}:
  2.10982      -0.466047      1.71794e-16   0.0752928     0.0752928    -0.0151262    -0.0151262
 -0.466047      2.05854      -2.12244e-16  -0.41966      -0.41966      -0.0862466    -0.0862466
  1.71794e-16  -2.12244e-16   2.0          -1.11321e-15   2.09355e-16  -5.68177e-16   4.8395e-16
  0.0752928    -0.41966      -1.11321e-15   0.937671      0.136987      0.749342     -0.0628239
  0.0752928    -0.41966       2.09355e-16   0.136987      0.937671     -0.0628239     0.749342
 -0.0151262    -0.0862466    -5.68177e-16   0.749342     -0.0628239     0.650502     -0.17331
 -0.0151262    -0.0862466     4.8395e-16   -0.0628239     0.749342     -0.17331       0.650502
this is the densityheiF_diff
2.6666991947976726e-9
8.841020169010916
8.841020169010916
7×7 Matrix{Float64}:
 -20.2621        6.59551e-11   2.11027e-16   1.30458e-11   7.00472e-18   4.42672e-11  -3.41439e-16
   6.59559e-11  -1.26227      -3.87981e-16  -2.70577e-10  -3.59988e-17  -1.94239e-10   7.94012e-16
   2.12026e-16  -3.49568e-16  -0.569377     -4.57122e-16   4.43698e-17   3.64017e-16  -1.81927e-10
   1.30466e-11  -2.70577e-10  -4.79612e-16  -0.480781      5.06924e-17  -1.80365e-10  -5.27103e-16
   7.00472e-18  -3.59988e-17   4.43698e-17   5.06924e-17  -0.397492      4.67934e-17  -4.31732e-17
   4.42673e-11  -1.94239e-10   3.21316e-16  -1.80365e-10   4.67934e-17   0.582524      5.73415e-16
  -4.11629e-16   6.30289e-16  -1.81927e-10  -5.34499e-16  -4.31732e-17   3.37796e-16   0.658076
F_eEnergy, pHF:-74.96117113786762
7×7 Matrix{Float64}:
 -19.876        -2.68946     -5.77385e-16  -0.0414746    -0.0414746    -0.157169     -0.157169
  -2.68946      -1.27613      6.8137e-17    0.0852216     0.0852216    -0.469626     -0.469626
  -5.77385e-16   6.8137e-17  -0.397492      3.48602e-16  -1.33531e-16   1.40152e-16  -8.38891e-17
  -0.0414746     0.0852216    3.48602e-16  -0.0941079    -0.054645     -0.556788      0.0511883
  -0.0414746     0.0852216   -1.33531e-16  -0.054645     -0.0941079     0.0511883    -0.556788
  -0.157169     -0.469626     1.40152e-16  -0.556788      0.0511883     0.00322148   -0.124941
  -0.157169     -0.469626    -8.38891e-17   0.0511883    -0.556788     -0.124941      0.00322148
F_HF
7×7 Matrix{Float64}:
 -19.876        -2.68946     -5.77385e-16  -0.0414746    -0.0414746    -0.157169     -0.157169
  -2.68946      -1.27613      6.8137e-17    0.0852216     0.0852216    -0.469626     -0.469626
  -5.77385e-16   6.8137e-17  -0.397492      3.48602e-16  -1.33531e-16   1.40152e-16  -8.38891e-17
  -0.0414746     0.0852216    3.48602e-16  -0.0941079    -0.054645     -0.556788      0.0511883
  -0.0414746     0.0852216   -1.33531e-16  -0.054645     -0.0941079     0.0511883    -0.556788
  -0.157169     -0.469626     1.40152e-16  -0.556788      0.0511883     0.00322148   -0.124941
  -0.157169     -0.469626    -8.38891e-17   0.0511883    -0.556788     -0.124941      0.00322148
F_HF function
iteration: 21
7×7 Matrix{Float64}:
  2.10982      -0.466047      1.99349e-16   0.0752928     0.0752928    -0.0151262    -0.0151262
 -0.466047      2.05854      -3.50764e-16  -0.41966      -0.41966      -0.0862466    -0.0862466
  1.99349e-16  -3.50764e-16   2.0          -3.15537e-16  -2.61349e-16   4.67436e-16  -4.41405e-16
  0.0752928    -0.41966      -3.15537e-16   0.937671      0.136987      0.749342     -0.0628239
  0.0752928    -0.41966      -2.61349e-16   0.136987      0.937671     -0.0628239     0.749342
 -0.0151262    -0.0862466     4.67436e-16   0.749342     -0.0628239     0.650502     -0.17331
 -0.0151262    -0.0862466    -4.41405e-16  -0.0628239     0.749342     -0.17331       0.650502
this is the densityheiF_diff
1.2010440975096515e-9
8.841020169010916
8.841020169010916
7×7 Matrix{Float64}:
 -20.2621        6.59551e-11   2.11027e-16   1.30458e-11   7.00472e-18   4.42672e-11  -3.41439e-16
   6.59559e-11  -1.26227      -3.87981e-16  -2.70577e-10  -3.59988e-17  -1.94239e-10   7.94012e-16
   2.12026e-16  -3.49568e-16  -0.569377     -4.57122e-16   4.43698e-17   3.64017e-16  -1.81927e-10
   1.30466e-11  -2.70577e-10  -4.79612e-16  -0.480781      5.06924e-17  -1.80365e-10  -5.27103e-16
   7.00472e-18  -3.59988e-17   4.43698e-17   5.06924e-17  -0.397492      4.67934e-17  -4.31732e-17
   4.42673e-11  -1.94239e-10   3.21316e-16  -1.80365e-10   4.67934e-17   0.582524      5.73415e-16
  -4.11629e-16   6.30289e-16  -1.81927e-10  -5.34499e-16  -4.31732e-17   3.37796e-16   0.658076
F_eEnergy, pHF:-74.96117113786764
7×7 Matrix{Float64}:
 -19.876        -2.68946      -5.84648e-16  -0.0414746    -0.0414746    -0.157169     -0.157169
  -2.68946      -1.27613       8.20137e-17   0.0852216     0.0852216    -0.469626     -0.469626
  -5.84648e-16   8.20137e-17  -0.397492      2.64769e-17   7.57625e-17  -6.26506e-17   9.47892e-17
  -0.0414746     0.0852216     2.64769e-17  -0.0941079    -0.054645     -0.556788      0.0511883
  -0.0414746     0.0852216     7.57625e-17  -0.054645     -0.0941079     0.0511883    -0.556788
  -0.157169     -0.469626     -6.26506e-17  -0.556788      0.0511883     0.00322148   -0.124941
  -0.157169     -0.469626      9.47892e-17   0.0511883    -0.556788     -0.124941      0.00322148
F_HF
7×7 Matrix{Float64}:
 -19.876        -2.68946      -5.84648e-16  -0.0414746    -0.0414746    -0.157169     -0.157169
  -2.68946      -1.27613       8.20137e-17   0.0852216     0.0852216    -0.469626     -0.469626
  -5.84648e-16   8.20137e-17  -0.397492      2.64769e-17   7.57625e-17  -6.26506e-17   9.47892e-17
  -0.0414746     0.0852216     2.64769e-17  -0.0941079    -0.054645     -0.556788      0.0511883
  -0.0414746     0.0852216     7.57625e-17  -0.054645     -0.0941079     0.0511883    -0.556788
  -0.157169     -0.469626     -6.26506e-17  -0.556788      0.0511883     0.00322148   -0.124941
  -0.157169     -0.469626      9.47892e-17   0.0511883    -0.556788     -0.124941      0.00322148
F_HF function
iteration: 22
7×7 Matrix{Float64}:
  2.10982      -0.466047      1.30931e-16   0.0752928     0.0752928    -0.0151262    -0.0151262
 -0.466047      2.05854       3.54627e-18  -0.41966      -0.41966      -0.0862466    -0.0862466
  1.30931e-16   3.54627e-18   2.0          -3.85858e-16  -7.85963e-17   9.07465e-17  -4.72026e-16
  0.0752928    -0.41966      -3.85858e-16   0.937671      0.136987      0.749342     -0.0628239
  0.0752928    -0.41966      -7.85963e-17   0.136987      0.937671     -0.0628239     0.749342
 -0.0151262    -0.0862466     9.07465e-17   0.749342     -0.0628239     0.650502     -0.17331
 -0.0151262    -0.0862466    -4.72026e-16  -0.0628239     0.749342     -0.17331       0.650502
this is the densityheiF_diff
5.408493652936386e-10
8.841020169010916
8.841020169010916
7×7 Matrix{Float64}:
 -20.2621        6.59551e-11   2.11027e-16   1.30458e-11   7.00472e-18   4.42672e-11  -3.41439e-16
   6.59559e-11  -1.26227      -3.87981e-16  -2.70577e-10  -3.59988e-17  -1.94239e-10   7.94012e-16
   2.12026e-16  -3.49568e-16  -0.569377     -4.57122e-16   4.43698e-17   3.64017e-16  -1.81927e-10
   1.30466e-11  -2.70577e-10  -4.79612e-16  -0.480781      5.06924e-17  -1.80365e-10  -5.27103e-16
   7.00472e-18  -3.59988e-17   4.43698e-17   5.06924e-17  -0.397492      4.67934e-17  -4.31732e-17
   4.42673e-11  -1.94239e-10   3.21316e-16  -1.80365e-10   4.67934e-17   0.582524      5.73415e-16
  -4.11629e-16   6.30289e-16  -1.81927e-10  -5.34499e-16  -4.31732e-17   3.37796e-16   0.658076
F_eEnergy, pHF:-74.96117113786765
7×7 Matrix{Float64}:
 -19.876        -2.68946      -5.65857e-16  -0.0414746    -0.0414746   -0.157169     -0.157169
  -2.68946      -1.27613       5.03749e-17   0.0852216     0.0852216   -0.469626     -0.469626
  -5.65857e-16   5.03749e-17  -0.397492      7.39423e-17   2.0065e-17  -7.52762e-19   8.82768e-17
  -0.0414746     0.0852216     7.39423e-17  -0.0941079    -0.054645    -0.556788      0.0511883
  -0.0414746     0.0852216     2.0065e-17   -0.054645     -0.0941079    0.0511883    -0.556788
  -0.157169     -0.469626     -7.52762e-19  -0.556788      0.0511883    0.00322148   0 O 2py          0.00303   0.09033  -0.44740  -0.51039   0.00000
0 O 2pz          0.00303   0.09033   0.44740  -0.51039  -0.00000
1 H 1s          -0.00535   0.15421  -0.45382  -0.30901   0.00000
2 H 1s          -0.00535   0.15421   0.45382  -0.30901  -0.00000
               #5        #6       
0 O 1s          -0.11970   0.00000
0 O 2s           0.77817  -0.00000
0 O 2px         -0.00000   0.00000
0 O 2py          0.57269  -0.65265
0 O 2pz          0.57269   0.65265
1 H 1s          -0.74586   0.82206
2 H 1s          -0.74586  -0.82206
               #0        #1        #2        #3        #4       
0 O 1s           0.99427  -0.23330   0.00000  -0.10915   0.00000
0 O 2s           0.02549   0.84504  -0.00000   0.56083  -0.00000
0 O 2px         -0.00000   0.00000   0.00000   0.00000   1.00000
0 O 2py          0.00303   0.09033  -0.44740  -0.51039   0.00000
0 O 2pz          0.00303   0.09033   0.44740  -0.51039  -0.00000
1 H 1s          -0.00535   0.15421  -0.45382  -0.30901   0.00000
2 H 1s          -0.00535   0.15421   0.45382  -0.30901  -0.00000
               #5        #6       
0 O 1s          -0.11970   0.00000
0 O 2s           0.77817  -0.00000
0 O 2px         -0.00000   0.00000
0 O 2py          0.57269  -0.65265
0 O 2pz          0.57269   0.65265
1 H 1s          -0.74586   0.82206
2 H 1s          -0.74586  -0.82206
               #0        #1        #2        #3        #4       
0 O 1s           0.99427  -0.23330   0.00000  -0.10915   0.00000
0 O 2s           0.02549   0.84504  -0.00000   0.56083  -0.00000
0 O 2px         -0.00000   0.00000   0.00000   0.00000   1.00000
0 O 2py          0.00303   0.09033  -0.44740  -0.51039   0.00000
0 O 2pz          0.00303   0.09033   0.44740  -0.51039  -0.00000
1 H 1s          -0.00535   0.15421  -0.45382  -0.30901   0.00000
2 H 1s          -0.00535   0.15421   0.45382  -0.30901  -0.00000
               #5        #6       
0 O 1s          -0.11970   0.00000
0 O 2s           0.77817  -0.00000
0 O 2px         -0.00000   0.00000
0 O 2py          0.57269  -0.65265
0 O 2pz          0.57269   0.65265
1 H 1s          -0.74586   0.82206
2 H 1s          -0.74586  -0.82206
               #0        #1        #2        #3        #4       
0 O 1s           0.99427  -0.23330   0.00000  -0.10915   0.00000
0 O 2s           0.02549   0.84504  -0.00000   0.56083  -0.00000
0 O 2px         -0.00000   0.00000   0.00000   0.00000   1.00000
0 O 2py          0.00303   0.09033  -0.44740  -0.51039   0.00000
0 O 2pz          0.00303   0.09033   0.44740  -0.51039  -0.00000
1 H 1s          -0.00535   0.15421  -0.45382  -0.30901   0.00000
2 H 1s          -0.00535   0.15421   0.45382  -0.30901  -0.00000
               #5        #6       
0 O 1s          -0.11970   0.00000
0 O 2s           0.77817  -0.00000
0 O 2px         -0.00000   0.00000
0 O 2py          0.57269  -0.65265
0 O 2pz          0.57269   0.65265
1 H 1s          -0.74586   0.82206
2 H 1s          -0.74586  -0.82206
               #0        #1        #2        #3        #4       
0 O 1s           0.99427  -0.23330   0.00000  -0.10915   0.00000
0 O 2s           0.02549   0.84504  -0.00000   0.56083  -0.00000
0 O 2px         -0.00000   0.00000   0.00000   0.00000   1.00000
0 O 2py          0.00303   0.09033  -0.44740  -0.51039   0.00000
0 O 2pz          0.00303   0.09033   0.44740  -0.51039  -0.00000
1 H 1s          -0.00535   0.15421  -0.45382  -0.30901   0.00000
2 H 1s          -0.00535   0.15421   0.45382  -0.30901  -0.00000
               #5        #6       
0 O 1s          -0.11970   0.00000
0 O 2s           0.77817  -0.00000
0 O 2px         -0.00000   0.00000
0 O 2py          0.57269  -0.65265
0 O 2pz          0.57269   0.65265
1 H 1s          -0.74586   0.82206
2 H 1s          -0.74586  -0.82206
               #0        #1        #2        #3        #4       
0 O 1s           0.99427  -0.23330   0.00000  -0.10915   0.00000
0 O 2s           0.02549   0.84504  -0.00000   0.56083  -0.00000
0 O 2px         -0.00000   0.00000   0.00000   0.00000   1.00000
0 O 2py          0.00303   0.09033  -0.44740  -0.51039   0.00000
0 O 2pz          0.00303   0.09033   0.44740  -0.51039  -0.00000
1 H 1s          -0.00535   0.15421  -0.45382  -0.30901   0.00000
2 H 1s          -0.00535   0.15421   0.45382  -0.30901  -0.00000
               #5        #6       
0 O 1s          -0.11970   0.00000
0 O 2s           0.77817  -0.00000
0 O 2px         -0.00000   0.00000
0 O 2py          0.57269  -0.65265
0 O 2pz          0.57269   0.65265
1 H 1s          -0.74586   0.82206
2 H 1s          -0.74586  -0.82206
               #0        #1        #2        #3        #4       
0 O 1s           0.99427  -0.23330   0.00000  -0.10915   0.00000
0 O 2s           0.02549   0.84504  -0.00000   0.56083  -0.00000
0 O 2px         -0.00000   0.00000   0.00000   0.00000   1.00000
0 O 2py          0.00303   0.09033  -0.44740  -0.51039   0.00000
0 O 2pz          0.00303   0.09033   0.44740  -0.51039  -0.00000
1 H 1s          -0.00535   0.15421  -0.45382  -0.30901   0.00000
2 H 1s          -0.00535   0.15421   0.45382  -0.30901  -0.00000
               #5        #6       
0 O 1s          -0.11970   0.00000
0 O 2s           0.77817  -0.00000
0 O 2px         -0.00000   0.00000
0 O 2py          0.57269  -0.65265
0 O 2pz          0.57269   0.65265
1 H 1s          -0.74586   0.82206
2 H 1s          -0.74586  -0.82206
-0.124941
  -0.157169     -0.469626      8.82768e-17   0.0511883    -0.556788    -0.124941      0.00322148
F_HF
7×7 Matrix{Float64}:
 -19.876        -2.68946      -5.65857e-16  -0.0414746    -0.0414746   -0.157169     -0.157169
  -2.68946      -1.27613       5.03749e-17   0.0852216     0.0852216   -0.469626     -0.469626
  -5.65857e-16   5.03749e-17  -0.397492      7.39423e-17   2.0065e-17  -7.52762e-19   8.82768e-17
  -0.0414746     0.0852216     7.39423e-17  -0.0941079    -0.054645    -0.556788      0.0511883
  -0.0414746     0.0852216     2.0065e-17   -0.054645     -0.0941079    0.0511883    -0.556788
  -0.157169     -0.469626     -7.52762e-19  -0.556788      0.0511883    0.00322148   -0.124941
  -0.157169     -0.469626      8.82768e-17   0.0511883    -0.556788    -0.124941      0.00322148
F_HF function
iteration: 23
7×7 Matrix{Float64}:
  2.10982      -0.466047      1.15916e-17   0.0752928     0.0752928    -0.0151262   -0.0151262
 -0.466047      2.05854       5.44732e-16  -0.41966      -0.41966      -0.0862466   -0.0862466
  1.15916e-17   5.44732e-16   2.0          -1.41918e-15  -1.56922e-16  -8.5892e-16   1.80622e-16
  0.0752928    -0.41966      -1.41918e-15   0.937671      0.136987      0.749342    -0.0628239
  0.0752928    -0.41966      -1.56922e-16   0.136987      0.937671     -0.0628239    0.749342
 -0.0151262    -0.0862466    -8.5892e-16    0.749342     -0.0628239     0.650502    -0.17331
 -0.0151262    -0.0862466     1.80622e-16  -0.0628239     0.749342     -0.17331      0.650502
this is the densityheiF_diff
2.4362967199209606e-10
8.841020169010916
8.841020169010916
7×7 Matrix{Float64}:
 -20.2621        6.59551e-11   2.11027e-16   1.30458e-11   7.00472e-18   4.42672e-11  -3.41439e-16
   6.59559e-11  -1.26227      -3.87981e-16  -2.70577e-10  -3.59988e-17  -1.94239e-10   7.94012e-16
   2.12026e-16  -3.49568e-16  -0.569377     -4.57122e-16   4.43698e-17   3.64017e-16  -1.81927e-10
   1.30466e-11  -2.70577e-10  -4.79612e-16  -0.480781      5.06924e-17  -1.80365e-10  -5.27103e-16
   7.00472e-18  -3.59988e-17   4.43698e-17   5.06924e-17  -0.397492      4.67934e-17  -4.31732e-17
   4.42673e-11  -1.94239e-10   3.21316e-16  -1.80365e-10   4.67934e-17   0.582524      5.73415e-16
  -4.11629e-16   6.30289e-16  -1.81927e-10  -5.34499e-16  -4.31732e-17   3.37796e-16   0.658076
F_eEnergy, pHF:-74.96117113786765
7×7 Matrix{Float64}:
 -19.876        -2.68946      -5.32292e-16  -0.0414746    -0.0414746    -0.157169     -0.157169
  -2.68946      -1.27613      -6.90855e-18   0.0852216     0.0852216    -0.469626     -0.469626
  -5.32292e-16  -6.90855e-18  -0.397492      4.67845e-16   5.85942e-18   1.83376e-16  -3.62772e-17
  -0.0414746     0.0852216     4.67845e-16  -0.0941079    -0.054645     -0.556788      0.0511883
  -0.0414746     0.0852216     5.85942e-18  -0.054645     -0.0941079     0.0511883    -0.556788
  -0.157169     -0.469626      1.83376e-16  -0.556788      0.0511883     0.00322148   -0.124941
  -0.157169     -0.469626     -3.62772e-17   0.0511883    -0.556788     -0.124941      0.00322148
F_HF
7×7 Matrix{Float64}:
 -19.876        -2.68946      -5.32292e-16  -0.0414746    -0.0414746    -0.157169     -0.157169
  -2.68946      -1.27613      -6.90855e-18   0.0852216     0.0852216    -0.469626     -0.469626
  -5.32292e-16  -6.90855e-18  -0.397492      4.67845e-16   5.85942e-18   1.83376e-16  -3.62772e-17
  -0.0414746     0.0852216     4.67845e-16  -0.0941079    -0.054645     -0.556788      0.0511883
  -0.0414746     0.0852216     5.85942e-18  -0.054645     -0.0941079     0.0511883    -0.556788
  -0.157169     -0.469626      1.83376e-16  -0.556788      0.0511883     0.00322148   -0.124941
  -0.157169     -0.469626     -3.62772e-17   0.0511883    -0.556788     -0.124941      0.00322148
F_HF function
iteration: 24
7×7 Matrix{Float64}:
  2.10982      -0.466047     -9.96201e-17   0.0752928     0.0752928    -0.0151262    -0.0151262
 -0.466047      2.05854       1.23263e-15  -0.41966      -0.41966      -0.0862466    -0.0862466
 -9.96201e-17   1.23263e-15   2.0          -1.72364e-15  -1.06088e-15  -9.15529e-16  -9.9086e-16
  0.0752928    -0.41966      -1.72364e-15   0.937671      0.136987      0.749342     -0.0628239
  0.0752928    -0.41966      -1.06088e-15   0.136987      0.937671     -0.0628239     0.749342
 -0.0151262    -0.0862466    -9.15529e-16   0.749342     -0.0628239     0.650502     -0.17331
 -0.0151262    -0.0862466    -9.9086e-16   -0.0628239     0.749342     -0.17331       0.650502
this is the densityheiF_diff
1.0968964625490685e-10
8.841020169010916
8.841020169010916
7×7 Matrix{Float64}:
 -20.2621        6.59551e-11   2.11027e-16   1.30458e-11   7.00472e-18   4.42672e-11  -3.41439e-16
   6.59559e-11  -1.26227      -3.87981e-16  -2.70577e-10  -3.59988e-17  -1.94239e-10   7.94012e-16
   2.12026e-16  -3.49568e-16  -0.569377     -4.57122e-16   4.43698e-17   3.64017e-16  -1.81927e-10
   1.30466e-11  -2.70577e-10  -4.79612e-16  -0.480781      5.06924e-17  -1.80365e-10  -5.27103e-16
   7.00472e-18  -3.59988e-17   4.43698e-17   5.06924e-17  -0.397492      4.67934e-17  -4.31732e-17
   4.42673e-11  -1.94239e-10   3.21316e-16  -1.80365e-10   4.67934e-17   0.582524      5.73415e-16
  -4.11629e-16   6.30289e-16  -1.81927e-10  -5.34499e-16  -4.31732e-17   3.37796e-16   0.658076
F_eEnergy, pHF:-74.96117113786771
7×7 Matrix{Float64}:
 -19.876        -2.68946      -5.04416e-16  -0.0414746    -0.0414746    -0.157169     -0.157169
  -2.68946      -1.27613      -5.89323e-17   0.0852216     0.0852216    -0.469626     -0.469626
  -5.04416e-16  -5.89323e-17  -0.397492      5.70061e-16   3.71187e-16   2.03328e-16   1.96037e-16
  -0.0414746     0.0852216     5.70061e-16  -0.0941079    -0.054645     -0.556788      0.0511883
  -0.0414746     0.0852216     3.71187e-16  -0.054645     -0.0941079     0.0511883    -0.556788
  -0.157169     -0.469626      2.03328e-16  -0.556788      0.0511883     0.00322148   -0.124941
  -0.157169     -0.469626      1.96037e-16   0.0511883    -0.556788     -0.124941      0.00322148
F_HF
7×7 Matrix{Float64}:
 -19.876        -2.68946      -5.04416e-16  -0.0414746    -0.0414746    -0.157169     -0.157169
  -2.68946      -1.27613      -5.89323e-17   0.0852216     0.0852216    -0.469626     -0.469626
  -5.04416e-16  -5.89323e-17  -0.397492      5.70061e-16   3.71187e-16   2.03328e-16   1.96037e-16
  -0.0414746     0.0852216     5.70061e-16  -0.0941079    -0.054645     -0.556788      0.0511883
  -0.0414746     0.0852216     3.71187e-16  -0.054645     -0.0941079     0.0511883    -0.556788
  -0.157169     -0.469626      2.03328e-16  -0.556788      0.0511883     0.00322148   -0.124941
  -0.157169     -0.469626      1.96037e-16   0.0511883    -0.556788     -0.124941      0.00322148
F_HF function
iteration: 25
7×7 Matrix{Float64}:
  2.10982      -0.466047      7.11202e-17   0.0752928     0.0752928    -0.0151262    -0.0151262
 -0.466047      2.05854       3.01012e-16  -0.41966      -0.41966      -0.0862466    -0.0862466
  7.11202e-17   3.01012e-16   2.0          -1.27346e-15  -6.45859e-16  -9.21299e-17  -5.43747e-16
  0.0752928    -0.41966      -1.27346e-15   0.937671      0.136987      0.749342     -0.0628239
  0.0752928    -0.41966      -6.45859e-16   0.136987      0.937671     -0.0628239     0.749342
 -0.0151262    -0.0862466    -9.21299e-17   0.749342     -0.0628239     0.650502     -0.17331
 -0.0151262    -0.0862466    -5.43747e-16  -0.0628239     0.749342     -0.17331       0.650502
this is the densityheiF_diff
4.9439341509582846e-11
8.841020169010916
8.841020169010916
7×7 Matrix{Float64}:
 -20.2621        6.59551e-11   2.11027e-16   1.30458e-11   7.00472e-18   4.42672e-11  -3.41439e-16
   6.59559e-11  -1.26227      -3.87981e-16  -2.70577e-10  -3.59988e-17  -1.94239e-10   7.94012e-16
   2.12026e-16  -3.49568e-16  -0.569377     -4.57122e-16   4.43698e-17   3.64017e-16  -1.81927e-10
   1.30466e-11  -2.70577e-10  -4.79612e-16  -0.480781      5.06924e-17  -1.80365e-10  -5.27103e-16
   7.00472e-18  -3.59988e-17   4.43698e-17   5.06924e-17  -0.397492      4.67934e-17  -4.31732e-17
   4.42673e-11  -1.94239e-10   3.21316e-16  -1.80365e-10   4.67934e-17   0.582524      5.73415e-16
  -4.11629e-16   6.30289e-16  -1.81927e-10  -5.34499e-16  -4.31732e-17   3.37796e-16   0.658076
F_eEnergy, pHF:-74.96117113786764
7×7 Matrix{Float64}:
 -19.876        -2.68946      -5.50077e-16  -0.0414746    -0.0414746    -0.157169     -0.157169
  -2.68946      -1.27613       2.03884e-17   0.0852216     0.0852216    -0.469626     -0.469626
  -5.50077e-16   2.03884e-17  -0.397492      3.71235e-16   2.07525e-16   5.57765e-17   1.13944e-16
  -0.0414746     0.0852216     3.71235e-16  -0.0941079    -0.054645     -0.556788      0.0511883
  -0.0414746     0.0852216     2.07525e-16  -0.054645     -0.0941079     0.0511883    -0.556788
  -0.157169     -0.469626      5.57765e-17  -0.556788      0.0511883     0.00322148   -0.124941
  -0.157169     -0.469626      1.13944e-16   0.0511883    -0.556788     -0.124941      0.00322148
F_HF
7×7 Matrix{Float64}:
 -19.876        -2.68946      -5.50077e-16  -0.0414746    -0.0414746    -0.157169     -0.157169
  -2.68946      -1.27613       2.03884e-17   0.0852216     0.0852216    -0.469626     -0.469626
  -5.50077e-16   2.03884e-17  -0.397492      3.71235e-16   2.07525e-16   5.57765e-17   1.13944e-16
  -0.0414746     0.0852216     3.71235e-16  -0.0941079    -0.054645     -0.556788      0.0511883
  -0.0414746     0.0852216     2.07525e-16  -0.054645     -0.0941079     0.0511883    -0.556788
  -0.157169     -0.469626      5.57765e-17  -0.556788      0.0511883     0.00322148   -0.124941
  -0.157169     -0.469626      1.13944e-16   0.0511883    -0.556788     -0.124941      0.00322148
F_HF function
7-element Vector{Float64}:
 -20.26205057390745
  -1.2622746668949147
  -0.5693766448526382
  -0.4807812284570961
  -0.3974915427353187
   0.5825240280339152
   0.6580764692447428
Energy, HF:  -74.96117113786764
