converged SCF energy = -7.86166329397409
0.9885003939975093
0.9885003939975093
6×6 Matrix{Float64}:
 -2.3489        1.80006e-10   7.72724e-11  0.0       0.0        7.91151e-12
  1.80006e-10  -0.284759      7.26117e-9   0.0       0.0        4.77088e-10
  7.72724e-11   7.26117e-9    0.0781625    0.0       0.0       -3.21099e-9
  0.0           0.0           0.0          0.163944  0.0        0.0
  0.0           0.0           0.0          0.0       0.163944   0.0
  7.91146e-12   4.77088e-10  -3.21099e-9   0.0       0.0        0.54603
F_e6×6 Matrix{Float64}:
 -0.0611757  -0.043975  -0.269509    0.311144    0.0        0.0
 -0.043975   -2.68276   -0.353118   -0.017673    0.0        0.0
 -0.269509   -0.353118  -0.259235   -0.0821134   0.0        0.0
  0.311144   -0.017673  -0.0821134  -0.127397    0.0        0.0
  0.0         0.0        0.0         0.0        -0.123149   0.0
  0.0         0.0        0.0         0.0         0.0       -0.123149
6×6 Matrix{Float64}:
 -0.209052   -0.0369623  -0.273207    0.327176    0.0        0.0
 -0.0369623  -2.67659    -0.362251   -0.0200403   0.0        0.0
 -0.273207   -0.362251   -0.28735     0.0101964   0.0        0.0
  0.327176   -0.0200403   0.0101964  -0.123924    0.0        0.0
  0.0         0.0         0.0         0.0        -0.123219   0.0
  0.0         0.0         0.0         0.0         0.0       -0.123219
6×6 Matrix{Float64}:
 -0.183504   -0.0364492  -0.273631     0.324981     0.0        0.0
 -0.0364492  -2.68171    -0.363859    -0.0196124    0.0        0.0
 -0.273631   -0.363859   -0.284073    -0.00295509   0.0        0.0
  0.324981   -0.0196124  -0.00295509  -0.121323     0.0        0.0
  0.0         0.0         0.0          0.0         -0.124631   0.0
  0.0         0.0         0.0          0.0          0.0       -0.124631
6×6 Matrix{Float64}:
 -0.188832   -0.0362241  -0.273862      0.325062      0.0        0.0
 -0.0362241  -2.68088    -0.363714     -0.0196521     0.0        0.0
 -0.273862   -0.363714   -0.285484     -0.000182156   0.0        0.0
  0.325062   -0.0196521  -0.000182156  -0.12136       0.0        0.0
  0.0         0.0         0.0           0.0          -0.124474   0.0
  0.0         0.0         0.0           0.0           0.0       -0.124474
6×6 Matrix{Float64}:
 -0.187759   -0.0362017  -0.27396       0.32485       0.0        0.0
 -0.0362017  -2.68105    -0.363707     -0.0196349     0.0        0.0
 -0.27396    -0.363707   -0.28551      -0.000752212   0.0        0.0
  0.32485    -0.0196349  -0.000752212  -0.121135      0.0        0.0
  0.0         0.0         0.0           0.0          -0.124545   0.0
  0.0         0.0         0.0           0.0           0.0       -0.124545
6×6 Matrix{Float64}:
 -0.187983   -0.0361828  -0.27401       0.324797      0.0        0.0
 -0.0361828  -2.681      -0.363677     -0.019636      0.0        0.0
 -0.27401    -0.363677   -0.285655     -0.000640254   0.0        0.0
  0.324797   -0.019636   -0.000640254  -0.121075      0.0        0.0
  0.0         0.0         0.0           0.0          -0.124548   0.0
  0.0         0.0         0.0           0.0           0.0       -0.124548
6×6 Matrix{Float64}:
 -0.187938   -0.0361764  -0.274034      0.32476       0.0        0.0
 -0.0361764  -2.68101    -0.363666     -0.0196349     0.0        0.0
 -0.274034   -0.363666   -0.285698     -0.000665943   0.0        0.0
  0.32476    -0.0196349  -0.000665943  -0.121035      0.0        0.0
  0.0         0.0         0.0           0.0          -0.124556   0.0
  0.0         0.0         0.0           0.0           0.0       -0.124556
6×6 Matrix{Float64}:
 -0.187948   -0.0361728  -0.274046      0.324745      0.0        0.0
 -0.0361728  -2.681      -0.363659     -0.0196347     0.0        0.0
 -0.274046   -0.363659   -0.285725     -0.000662062   0.0        0.0
  0.324745   -0.0196347  -0.000662062  -0.121018      0.0        0.0
  0.0         0.0         0.0           0.0          -0.124558   0.0
  0.0         0.0         0.0           0.0           0.0       -0.124558
6×6 Matrix{Float64}:
 -0.187946   -0.0361711  -0.274052      0.324737      0.0        0.0
 -0.0361711  -2.681      -0.363656     -0.0196345     0.0        0.0
 -0.274052   -0.363656   -0.285737     -0.000663546   0.0        0.0
  0.324737   -0.0196345  -0.000663546  -0.121009      0.0        0.0
  0.0         0.0         0.0           0.0          -0.124559   0.0
  0.0         0.0         0.0           0.0           0.0       -0.124559
6×6 Matrix{Float64}:
 -0.187947   -0.0361703  -0.274054     0.324733     0.0       0.0
 -0.0361703  -2.681      -0.363655    -0.0196345    0.0       0.0
 -0.274054   -0.363655   -0.285743    -0.00066358   0.0       0.0
  0.324733   -0.0196345  -0.00066358  -0.121005     0.0       0.0
  0.0         0.0         0.0          0.0         -0.12456   0.0
  0.0         0.0         0.0          0.0          0.0      -0.12456
6×6 Matrix{Float64}:
 -0.187947   -0.0361699  -0.274056      0.324731      0.0       0.0
 -0.0361699  -2.681      -0.363654     -0.0196344     0.0       0.0
 -0.274056   -0.363654   -0.285746     -0.000663739   0.0       0.0
  0.324731   -0.0196344  -0.000663739  -0.121003      0.0       0.0
  0.0         0.0         0.0           0.0          -0.12456   0.0
  0.0         0.0         0.0           0.0           0.0      -0.12456
6×6 Matrix{Float64}:
 -0.187947   -0.0361697  -0.274056      0.32473       0.0        0.0
 -0.0361697  -2.681      -0.363654     -0.0196344     0.0        0.0
 -0.274056   -0.363654   -0.285747     -0.000663788   0.0        0.0
  0.32473    -0.0196344  -0.000663788  -0.121002      0.0        0.0
  0.0         0.0         0.0           0.0          -0.124561   0.0
  0.0         0.0         0.0           0.0           0.0       -0.124561
6×6 Matrix{Float64}:
 -0.187947   -0.0361696  -0.274057      0.324729      0.0        0.0
 -0.0361696  -2.681      -0.363654     -0.0196344     0.0        0.0
 -0.274057   -0.363654   -0.285748     -0.000663818   0.0        0.0
  0.324729   -0.0196344  -0.000663818  -0.121001      0.0        0.0
  0.0         0.0         0.0           0.0          -0.124561   0.0
  0.0         0.0         0.0           0.0           0.0       -0.124561
6×6 Matrix{Float64}:
 -0.187947   -0.0361696  -0.274057      0.324729      0.0        0.0
 -0.0361696  -2.681      -0.363654     -0.0196344     0.0        0.0
 -0.274057   -0.363654   -0.285748     -0.000663831   0.0        0.0
  0.324729   -0.0196344  -0.000663831  -0.121001      0.0        0.0
  0.0         0.0         0.0           0.0          -0.124561   0.0
  0.0         0.0         0.0           0.0           0.0       -0.124561
6×6 Matrix{Float64}:
 -0.187947   -0.0361695  -0.274057      0.324729      0.0        0.0
 -0.0361695  -2.681      -0.363654     -0.0196344     0.0        0.0
 -0.274057   -0.363654   -0.285748     -0.000663838   0.0        0.0
  0.324729   -0.0196344  -0.000663838  -0.121001      0.0        0.0
  0.0         0.0         0.0           0.0          -0.124561   0.0
  0.0         0.0         0.0           0.0           0.0       -0.124561
6×6 Matrix{Float64}:
 -0.187947   -0.0361695  -0.274057      0.324729      0.0        0.0
 -0.0361695  -2.681      -0.363654     -0.0196344     0.0        0.0
 -0.274057   -0.363654   -0.285748     -0.000663841   0.0        0.0
  0.324729   -0.0196344  -0.000663841  -0.121001      0.0        0.0
  0.0         0.0         0.0           0.0          -0.124561   0.0
  0.0         0.0         0.0           0.0           0.0       -0.124561
6×6 Matrix{Float64}:
 -0.187947   -0.0361695  -0.274057      0.324729      0.0        0.0
 -0.0361695  -2.681      -0.363654     -0.0196344     0.0        0.0
 -0.274057   -0.363654   -0.285748     -0.000663843   0.0        0.0
  0.324729   -0.0196344  -0.000663843  -0.121001      0.0        0.0
  0.0         0.0         0.0           0.0          -0.124561   0.0
  0.0         0.0         0.0           0.0           0.0       -0.124561
6×6 Matrix{Float64}:
 -0.187947   -0.0361695  -0.274057      0.324729      0.0        0.0
 -0.0361695  -2.681      -0.363654     -0.0196344     0.0        0.0
 -0.274057   -0.363654   -0.285748     -0.000663843   0.0        0.0
  0.324729   -0.0196344  -0.000663843  -0.121001      0.0        0.0
  0.0         0.0         0.0           0.0          -0.124561   0.0
  0.0         0.0         0.0           0.0           0.0       -0.124561
6×6 Matrix{Float64}:
 -0.187947   -0.0361695  -0.274057      0.324729      0.0        0.0
 -0.0361695  -2.681      -0.363654     -0.0196344     0.0        0.0
 -0.274057   -0.363654   -0.285748     -0.000663844   0.0        0.0
  0.324729   -0.0196344  -0.000663844  -0.121001      0.0        0.0
  0.0         0.0         0.0           0.0          -0.124561   0.0
  0.0         0.0         0.0           0.0           0.0       -0.124561
6×6 Matrix{Float64}:
 -0.187947   -0.0361695  -0.274057      0.324729      0.0        0.0
 -0.0361695  -2.681      -0.363654     -0.0196344     0.0        0.0
 -0.274057   -0.363654   -0.285748     -0.000663844   0.0        0.0
  0.324729   -0.0196344  -0.000663844  -0.121001      0.0        0.0
  0.0         0.0         0.0           0.0          -0.124561   0.0
  0.0         0.0         0.0           0.0           0.0       -0.124561
6×6 Matrix{Float64}:
 -0.187947   -0.0361695  -0.274057      0.324729      0.0        0.0
 -0.0361695  -2.681      -0.363654     -0.0196344     0.0        0.0
 -0.274057   -0.363654   -0.285748     -0.000663844   0.0        0.0
  0.324729   -0.0196344  -0.000663844  -0.121001      0.0        0.0
  0.0         0.0         0.0           0.0          -0.124561   0.0
  0.0         0.0         0.0           0.0           0.0       -0.124561
6×6 Matrix{Float64}:
 -0.187947   -0.0361695  -0.274057      0.324729      0.0        0.0
 -0.0361695  -2.681      -0.363654     -0.0196344     0.0        0.0
 -0.274057   -0.363654   -0.285748     -0.000663844   0.0        0.0
  0.324729   -0.0196344  -0.000663844  -0.121001      0.0        0.0
  0.0         0.0         0.0           0.0          -0.124561   0.0
  0.0         0.0         0.0           0.0           0.0       -0.124561
6×6 Matrix{Float64}:
 -0.187947   -0.0361695  -0.274057      0.324729      0.0        0.0
 -0.0361695  -2.681      -0.363654     -0.0196344     0.0        0.0
 -0.274057   -0.363654   -0.285748     -0.000663844   0.0        0.0
  0.324729   -0.0196344  -0.000663844  -0.121001      0.0        0.0
  0.0         0.0         0.0           0.0          -0.124561   0.0
  0.0         0.0         0.0           0.0           0.0       -0.124561
6×6 Matrix{Float64}:
 -0.187947   -0.0361695  -0.274057      0.324729      0.0        0.0
 -0.0361695  -2.681      -0.363654     -0.0196344     0.0        0.0
 -0.274057   -0.363654   -0.285748     -0.000663844   0.0        0.0
  0.324729   -0.0196344  -0.000663844  -0.121001      0.0        0.0
  0.0         0.0         0.0           0.0          -0.124561   0.0
  0.0         0.0         0.0           0.0           0.0       -0.124561
6×6 Matrix{Float64}:
 -0.187947   -0.0361695  -0.274057      0.324729      0.0        0.0
 -0.0361695  -2.681      -0.363654     -0.0196344     0.0        0.0
 -0.274057   -0.363654   -0.285748     -0.000663844   0.0        0.0
  0.324729   -0.0196344  -0.000663844  -0.121001      0.0        0.0
  0.0         0.0         0.0           0.0          -0.124561   0.0
  0.0         0.0         0.0           0.0           0.0       -0.124561
6×6 Matrix{Float64}:
 -0.187947   -0.0361695  -0.274057      0.324729      0.0        0.0
 -0.0361695  -2.681      -0.363654     -0.0196344     0.0        0.0
 -0.274057   -0.363654   -0.285748     -0.000663844   0.0        0.0
  0.324729   -0.0196344  -0.000663844  -0.121001      0.0        0.0
  0.0         0.0         0.0           0.0          -0.124561   0.0
  0.0         0.0         0.0           0.0           0.0       -0.124561
6×6 Matrix{Float64}:
 -0.187947   -0.0361695  -0.274057      0.324729      0.0        0.0
 -0.0361695  -2.681      -0.363654     -0.0196344     0.0        0.0
 -0.274057   -0.363654   -0.285748     -0.000663844   0.0        0.0
  0.324729   -0.0196344  -0.000663844  -0.121001      0.0        0.0
  0.0         0.0         0.0           0.0          -0.124561   0.0
  0.0         0.0         0.0           0.0           0.0       -0.124561
6×6 Matrix{Float64}:
 -0.187947   -0.0361695  -0.274057      0.324729      0.0        0.0
 -0.0361695  -2.681      -0.363654     -0.0196344     0.0        0.0
 -0.274057   -0.363654   -0.285748     -0.000663844   0.0        0.0
  0.324729   -0.0196344  -0.000663844  -0.121001      0.0        0.0
  0.0         0.0         0.0           0.0          -0.124561   0.0
  0.0         0.0         0.0           0.0           0.0       -0.124561
6×6 Matrix{Float64}:
 -0.187947   -0.0361695  -0.274057      0.324729      0.0        0.0
 -0.0361695  -2.681      -0.363654     -0.0196344     0.0        0.0
 -0.274057   -0.363654   -0.285748     -0.000663844   0.0        0.0
  0.324729   -0.0196344  -0.000663844  -0.121001      0.0        0.0
  0.0         0.0         0.0           0.0          -0.124561   0.0
  0.0         0.0         0.0           0.0           0.0       -0.124561
6×6 Matrix{Float64}:
 -0.187947   -0.0361695  -0.274057      0.324729      0.0        0.0
 -0.0361695  -2.681      -0.363654     -0.0196344     0.0        0.0
 -0.274057   -0.363654   -0.285748     -0.000663844   0.0        0.0
  0.324729   -0.0196344  -0.000663844  -0.121001      0.0        0.0
  0.0         0.0         0.0           0.0          -0.124561   0.0
  0.0         0.0         0.0           0.0           0.0       -0.124561
6×6 Matrix{Float64}:
 -0.187947   -0.0361695  -0.274057      0.324729      0.0        0.0
 -0.0361695  -2.681      -0.363654     -0.0196344     0.0        0.0
 -0.274057   -0.363654   -0.285748     -0.000663844   0.0        0.0
  0.324729   -0.0196344  -0.000663844  -0.121001      0.0        0.0
  0.0         0.0         0.0           0.0          -0.124561   0.0
  0.0         0.0         0.0           0.0           0.0       -0.124561
6×6 Matrix{Float64}:
 -0.187947   -0.0361695  -0.274057      0.324729      0.0        0.0
 -0.0361695  -2.681      -0.363654     -0.0196344     0.0        0.0
 -0.274057   -0.363654   -0.285748     -0.000663844   0.0        0.0
  0.324729   -0.0196344  -0.000663844  -0.121001      0.0        0.0
  0.0         0.0         0.0           0.0          -0.124561   0.0
  0.0         0.0         0.0           0.0           0.0       -0.124561
6×6 Matrix{Float64}:
 -0.187947   -0.0361695  -0.274057      0.324729      0.0        0.0
 -0.0361695  -2.681      -0.363654     -0.0196344     0.0        0.0
 -0.274057   -0.363654   -0.285748     -0.000663844   0.0        0.0
  0.324729   -0.0196344  -0.000663844  -0.121001      0.0        0.0
  0.0         0.0         0.0           0.0          -0.124561   0.0
  0.0         0.0         0.0           0.0           0.0       -0.124561
6×6 Matrix{Float64}:
 -0.187947   -0.0361695  -0.274057      0.324729      0.0        0.0
 -0.0361695  -2.681      -0.363654     -0.0196344     0.0        0.0
 -0.274057   -0.363654   -0.285748     -0.000663844   0.0        0.0
  0.324729   -0.0196344  -0.000663844  -0.121001      0.0        0.0
  0.0         0.0         0.0           0.0          -0.124561   0.0
  0.0         0.0         0.0           0.0           0.0       -0.124561
6×6 Matrix{Float64}:
 -0.187947   -0.0361695  -0.274057      0.324729      0.0        0.0
 -0.0361695  -2.681      -0.363654     -0.0196344     0.0        0.0
 -0.274057   -0.363654   -0.285748     -0.000663844   0.0        0.0
  0.324729   -0.0196344  -0.000663844  -0.121001      0.0        0.0
  0.0         0.0         0.0           0.0          -0.124561   0.0
  0.0         0.0         0.0           0.0           0.0       -0.124561
6×6 Matrix{Float64}:
 -0.187947   -0.0361695  -0.274057      0.324729      0.0        0.0
 -0.0361695  -2.681      -0.363654     -0.0196344     0.0        0.0
 -0.274057   -0.363654   -0.285748     -0.000663844   0.0        0.0
  0.324729   -0.0196344  -0.000663844  -0.121001      0.0        0.0
  0.0         0.0         0.0           0.0          -0.124561   0.0
  0.0         0.0         0.0           0.0           0.0       -0.124561
6×6 Matrix{Float64}:
 -0.187947   -0.0361695  -0.274057      0.324729      0.0        0.0
 -0.0361695  -2.681      -0.363654     -0.0196344     0.0        0.0
 -0.274057   -0.363654   -0.285748     -0.000663844   0.0        0.0
  0.324729   -0.0196344  -0.000663844  -0.121001      0.0        0.0
  0.0         0.0         0.0           0.0          -0.124561   0.0
  0.0         0.0         0.0           0.0           0.0       -0.124561
6×6 Matrix{Float64}:
 -0.187947   -0.0361695  -0.274057      0.324729      0.0        0.0
 -0.0361695  -2.681      -0.363654     -0.0196344     0.0        0.0
 -0.274057   -0.363654   -0.285748     -0.000663844   0.0        0.0
  0.324729   -0.0196344  -0.000663844  -0.121001      0.0        0.0
  0.0         0.0         0.0           0.0          -0.124561   0.0
  0.0         0.0         0.0           0.0           0.0       -0.124561
6×6 Matrix{Float64}:
 0.212273  0.0       0.0       0.0       0.0      0.0
 0.0       0.443033  0.0       0.0       0.0      0.0
 0.0       0.0       0.443033  0.0       0.0      0.0
 0.0       0.0       0.0       0.458875  0.0      0.0
 0.0       0.0       0.0       0.0       1.69163  0.0
 0.0       0.0       0.0       0.0       0.0      8.16809
-3.337453294003423 F
-9.557051552158878 h 
6×6 Matrix{Float64}:
  1.62679    0.0     0.0     -0.174934   0.0825821   0.284204
  0.0        1.7746  0.0      0.0        0.0         0.0
  0.0        0.0     1.7746   0.0        0.0         0.0
 -0.174934   0.0     0.0      1.81114   -0.122879    0.066653
  0.0825821  0.0     0.0     -0.122879   3.49119    -0.0608644
  0.284204   0.0     0.0      0.066653  -0.0608644  12.2383
h_p-0.18736612595948393 F
-4.531887908909962 h 
0.21227320037787534g_p 
6×6 Matrix{Float64}:
 -2.73732   0.0        0.0        0.0        0.0       0.0
  0.0      -0.600128   0.0        0.0        0.0       0.0
  0.0       0.0       -0.185188   0.0        0.0       0.0
  0.0       0.0        0.0       -0.124561   0.0       0.0
  0.0       0.0        0.0        0.0       -0.124561  0.0
  0.0       0.0        0.0        0.0        0.0       0.246943
F
6×6 Matrix{Float64}:
 0.212273  0.0       0.0       0.0       0.0      0.0
 0.0       0.443033  0.0       0.0       0.0      0.0
 0.0       0.0       0.443033  0.0       0.0      0.0
 0.0       0.0       0.0       0.458875  0.0      0.0
 0.0       0.0       0.0       0.0       1.69163  0.0
 0.0       0.0       0.0       0.0       0.0      8.16809
F_p
-8.356277957783494
-7.649018294427299
Energy, pHF
6×6 Matrix{Float64}:
 -0.0327352  0.0  0.0  -0.0270968    1.30902       0.0502128
 -0.0351271  0.0  0.0  -0.00799862   0.000223994   1.03058
  0.996986   0.0  0.0   0.227494    -0.488004     -0.233368
 -0.232244   0.0  0.0   0.962526     0.684744      0.0259277
  0.0        1.0  0.0   0.0          0.0           0.0
  0.0        0.0  1.0   0.0          0.0           0.0
C_p6×6 Matrix{Float64}:
 -0.00332571  -0.558209  -0.146295  0.0  0.0  -1.1768
 -0.991973     0.160693  -0.212186  0.0  0.0  -0.0924268
 -0.0304013   -0.431467   0.823205  0.0  0.0   0.688177
 -0.0027748    0.357414   0.585827  0.0  0.0  -0.989441
  0.0          0.0        0.0       1.0  0.0   0.0
  0.0          0.0        0.0       0.0  1.0   0.0
Cg[1,1,:,:] = 6×6 Matrix{Float64}:
  1.6605     -0.107568    0.137702   0.0       0.0        0.0531059
 -0.107568    0.365034   -0.013166   0.0       0.0       -0.0425639
  0.137702   -0.013166    0.394605   0.0       0.0       -0.0170785
  0.0         0.0         0.0        0.396356  0.0        0.0
  0.0         0.0         0.0        0.0       0.396356   0.0
  0.0531059  -0.0425639  -0.0170785  0.0       0.0        0.362892
g[1,2,:,:] = 6×6 Matrix{Float64}:
 -0.107568   0.0126154   -0.010732     0.0          0.0         -0.0088285
  0.0126154  0.0067537    0.002914     0.0          0.0          0.00463841
 -0.010732   0.002914    -0.0109497    0.0          0.0          0.00385431
  0.0        0.0          0.0         -0.00420873   0.0          0.0
  0.0        0.0          0.0          0.0         -0.00420873   0.0
 -0.0088285  0.00463841   0.00385431   0.0          0.0          0.00329995
g[1,3,:,:] = 6×6 Matrix{Float64}:
  0.137702    -0.010732      0.0212356   0.0         0.0          0.00248149
 -0.010732     0.0148793    -0.00031576  0.0         0.0         -0.000592691
  0.0212356   -0.00031576   -0.00153815  0.0         0.0          0.00435667
  0.0          0.0           0.0         0.00466039  0.0          0.0
  0.0          0.0           0.0         0.0         0.00466039   0.0
  0.00248149  -0.000592691   0.00435667  0.0         0.0          0.0105336
g[1,4,:,:] = 6×6 Matrix{Float64}:
 0.0         0.0          0.0         0.00975115  0.0   0.0
 0.0         0.0          0.0         0.00713347  0.0   0.0
 0.0         0.0          0.0        -0.0104451   0.0   0.0
 0.00975115  0.00713347  -0.0104451   0.0         0.0  -0.00592704
 0.0         0.0          0.0         0.0         0.0   0.0
 0.0         0.0          0.0        -0.00592704  0.0   0.0
g[1,5,:,:] = 6×6 Matrix{Float64}:
 0.0         0.0          0.0        0.0   0.00975115   0.0
 0.0         0.0          0.0        0.0   0.00713347   0.0
 0.0         0.0          0.0        0.0  -0.0104451    0.0
 0.0         0.0          0.0        0.0   0.0          0.0
 0.00975115  0.00713347  -0.0104451  0.0   0.0         -0.00592704
 0.0         0.0          0.0        0.0  -0.00592704   0.0
g[1,6,:,:] = 6×6 Matrix{Float64}:
  0.0531059   -0.0088285    0.00248149  0.0          0.0           0.00870993
 -0.0088285   -0.00715803  -0.00128142  0.0          0.0          -7.92524e-5
  0.00248149  -0.00128142   0.0105106   0.0          0.0          -0.00463011
  0.0          0.0          0.0         0.000694295  0.0           0.0
  0.0          0.0          0.0         0.0          0.000694295   0.0
  0.00870993  -7.92524e-5  -0.00463011  0.0          0.0          -0.0030884
g[2,1,:,:] = 6×6 Matrix{Float64}:
 -0.107568   0.0126154   -0.010732     0.0          0.0         -0.0088285
  0.0126154  0.0067537    0.002914     0.0          0.0          0.00463841
 -0.010732   0.002914    -0.0109497    0.0          0.0          0.00385431
  0.0        0.0          0.0         -0.00420873   0.0          0.0
  0.0        0.0          0.0          0.0         -0.00420873   0.0
 -0.0088285  0.00463841   0.00385431   0.0          0.0          0.00329995
g[2,2,:,:] = 6×6 Matrix{Float64}:
  0.365034    0.0067537  0.0148793  0.0       0.0       -0.00715803
  0.0067537   0.494002   0.0449686  0.0       0.0        0.129745
  0.0148793   0.0449686  0.22219    0.0       0.0        0.052568
  0.0         0.0        0.0        0.269429  0.0        0.0
  0.0         0.0        0.0        0.0       0.269429   0.0
 -0.00715803  0.129745   0.052568   0.0       0.0        0.454029
g[2,3,:,:] = 6×6 Matrix{Float64}:
 -0.013166    0.002914   -0.00031576   0.0          0.0         -0.00128142
  0.002914    0.0449686   0.0115363    0.0          0.0          0.0331983
 -0.00031576  0.0115363  -0.0052506    0.0          0.0          0.00767336
  0.0         0.0         0.0         -0.00578392   0.0          0.0
  0.0         0.0         0.0          0.0         -0.00578392   0.0
 -0.00128142  0.0331983   0.00767336   0.0          0.0          0.0397106
g[2,4,:,:] = 6×6 Matrix{Float64}:
 0.0         0.0         0.0         0.00713347  0.0   0.0
 0.0         0.0         0.0         0.0222173   0.0   0.0
 0.0         0.0         0.0        -0.0190762   0.0   0.0
 0.00713347  0.0222173  -0.0190762   0.0         0.0  -0.018885
 0.0         0.0         0.0         0.0         0.0   0.0
 0.0         0.0         0.0        -0.018885    0.0   0.0
g[2,5,:,:] = 6×6 Matrix{Float64}:
 0.0         0.0         0.0        0.0   0.00713347   0.0
 0.0         0.0         0.0        0.0   0.0222173    0.0
 0.0         0.0         0.0        0.0  -0.0190762    0.0
 0.0         0.0         0.0        0.0   0.0          0.0
 0.00713347  0.0222173  -0.0190762  0.0   0.0         -0.018885
 0.0         0.0         0.0        0.0  -0.018885     0.0
g[2,6,:,:] = 6×6 Matrix{Float64}:
 -0.0425639    0.00463841  -0.000592691   0.0         0.0        -7.92524e-5
  0.00463841   0.129745     0.0331983     0.0         0.0         0.12455
 -0.000592691  0.0331983   -0.0140438     0.0         0.0         0.0315899
  0.0          0.0          0.0          -0.0165657   0.0         0.0
  0.0          0.0          0.0           0.0        -0.0165657   0.0
 -7.92524e-5   0.12455      0.0315899     0.0         0.0         0.132092
g[3,1,:,:] = 6×6 Matrix{Float64}:
  0.137702    -0.010732      0.0212356   0.0         0.0          0.00248149
 -0.010732     0.0148793    -0.00031576  0.0         0.0         -0.000592691
  0.0212356   -0.00031576   -0.00153815  0.0         0.0          0.00435667
  0.0          0.0           0.0         0.00466039  0.0          0.0
  0.0          0.0           0.0         0.0         0.00466039   0.0
  0.00248149  -0.000592691   0.00435667  0.0         0.0          0.0105336
g[3,2,:,:] = 6×6 Matrix{Float64}:
 -0.013166    0.002914   -0.00031576   0.0          0.0         -0.00128142
  0.002914    0.0449686   0.0115363    0.0          0.0          0.0331983
 -0.00031576  0.0115363  -0.0052506    0.0          0.0          0.00767336
  0.0         0.0         0.0         -0.00578392   0.0          0.0
  0.0         0.0         0.0          0.0         -0.00578392   0.0
 -0.00128142  0.0331983   0.00767336   0.0          0.0          0.0397106
g[3,3,:,:] = 6×6 Matrix{Float64}:
  0.394605    -0.0109497  -0.00153815  0.0      0.0       0.0105106
 -0.0109497    0.22219    -0.0052506   0.0      0.0      -0.0140438
 -0.00153815  -0.0052506   0.336013    0.0      0.0      -0.0368383
  0.0          0.0         0.0         0.28217  0.0       0.0
  0.0          0.0         0.0         0.0      0.28217   0.0
  0.0105106   -0.0140438  -0.0368383   0.0      0.0       0.24201
g[3,4,:,:] = 6×6 Matrix{Float64}:
  0.0         0.0        0.0        -0.0104451  0.0  0.0
  0.0         0.0        0.0        -0.0190762  0.0  0.0
  0.0         0.0        0.0         0.0428417  0.0  0.0
 -0.0104451  -0.0190762  0.0428417   0.0        0.0  0.0139235
  0.0         0.0        0.0         0.0        0.0  0.0
  0.0         0.0        0.0         0.0139235  0.0  0.0
g[3,5,:,:] = 6×6 Matrix{Float64}:
  0.0         0.0        0.0        0.0  -0.0104451  0.0
  0.0         0.0        0.0        0.0  -0.0190762  0.0
  0.0         0.0        0.0        0.0   0.0428417  0.0
  0.0         0.0        0.0        0.0   0.0        0.0
 -0.0104451  -0.0190762  0.0428417  0.0   0.0        0.0139235
  0.0         0.0        0.0        0.0   0.0139235  0.0
g[3,6,:,:] = 6×6 Matrix{Float64}:
 -0.0170785   0.00385431   0.00435667   0.0          0.0         -0.00463011
  0.00385431  0.052568     0.00767336   0.0          0.0          0.0315899
  0.00435667  0.00767336  -0.0368383    0.0          0.0          0.0275105
  0.0         0.0          0.0         -0.00206545   0.0          0.0
  0.0         0.0          0.0          0.0         -0.00206545   0.0
 -0.00463011  0.0315899    0.0275105    0.0          0.0          0.0428452
g[4,1,:,:] = 6×6 Matrix{Float64}:
 0.0         0.0          0.0         0.00975115  0.0   0.0
 0.0         0.0          0.0         0.00713347  0.0   0.0
 0.0         0.0          0.0        -0.0104451   0.0   0.0
 0.00975115  0.00713347  -0.0104451   0.0         0.0  -0.00592704
 0.0         0.0          0.0         0.0         0.0   0.0
 0.0         0.0          0.0        -0.00592704  0.0   0.0
g[4,2,:,:] = 6×6 Matrix{Float64}:
 0.0         0.0         0.0         0.00713347  0.0   0.0
 0.0         0.0         0.0         0.0222173   0.0   0.0
 0.0         0.0         0.0        -0.0190762   0.0   0.0
 0.00713347  0.0222173  -0.0190762   0.0         0.0  -0.018885
 0.0         0.0         0.0         0.0         0.0   0.0
 0.0         0.0         0.0        -0.018885    0.0   0.0
g[4,3,:,:] = 6×6 Matrix{Float64}:
  0.0         0.0        0.0        -0.0104451  0.0  0.0
  0.0         0.0        0.0        -0.0190762  0.0  0.0
  0.0         0.0        0.0         0.0428417  0.0  0.0
 -0.0104451  -0.0190762  0.0428417   0.0        0.0  0.0139235
  0.0         0.0        0.0         0.0        0.0  0.0
  0.0         0.0        0.0         0.0139235  0.0  0.0
g[4,4,:,:] = 6×6 Matrix{Float64}:
  0.396356     -0.00420873   0.00466039  0.0       0.0        0.000694295
 -0.00420873    0.269429    -0.00578392  0.0       0.0       -0.0165657
  0.00466039   -0.00578392   0.28217     0.0       0.0       -0.00206545
  0.0           0.0          0.0         0.312946  0.0        0.0
  0.0           0.0          0.0         0.0       0.279207   0.0
  0.000694295  -0.0165657   -0.00206545  0.0       0.0        0.268265
g[4,5,:,:] = 6×6 Matrix{Float64}:
 0.0  0.0  0.0  0.0        0.0        0.0
 0.0  0.0  0.0  0.0        0.0        0.0
 0.0  0.0  0.0  0.0        0.0        0.0
 0.0  0.0  0.0  0.0        0.0168691  0.0
 0.0  0.0  0.0  0.0168691  0.0        0.0
 0.0  0.0  0.0  0.0        0.0        0.0
g[4,6,:,:] = 6×6 Matrix{Float64}:
  0.0          0.0       0.0        -0.00592704  0.0  0.0
  0.0          0.0       0.0        -0.018885    0.0  0.0
  0.0          0.0       0.0         0.0139235   0.0  0.0
 -0.00592704  -0.018885  0.0139235   0.0         0.0  0.0194054
  0.0          0.0       0.0         0.0         0.0  0.0
  0.0          0.0       0.0         0.0194054   0.0  0.0
g[5,1,:,:] = 6×6 Matrix{Float64}:
 0.0         0.0          0.0        0.0   0.00975115   0.0
 0.0         0.0          0.0        0.0   0.00713347   0.0
 0.0         0.0          0.0        0.0  -0.0104451    0.0
 0.0         0.0          0.0        0.0   0.0          0.0
 0.00975115  0.00713347  -0.0104451  0.0   0.0         -0.00592704
 0.0         0.0          0.0        0.0  -0.00592704   0.0
g[5,2,:,:] = 6×6 Matrix{Float64}:
 0.0         0.0         0.0        0.0   0.00713347   0.0
 0.0         0.0         0.0        0.0   0.0222173    0.0
 0.0         0.0         0.0        0.0  -0.0190762    0.0
 0.0         0.0         0.0        0.0   0.0          0.0
 0.00713347  0.0222173  -0.0190762  0.0   0.0         -0.018885
 0.0         0.0         0.0        0.0  -0.018885     0.0
g[5,3,:,:] = 6×6 Matrix{Float64}:
  0.0         0.0        0.0        0.0  -0.0104451  0.0
  0.0         0.0        0.0        0.0  -0.0190762  0.0
  0.0         0.0        0.0        0.0   0.0428417  0.0
  0.0         0.0        0.0        0.0   0.0        0.0
 -0.0104451  -0.0190762  0.0428417  0.0   0.0        0.0139235
  0.0         0.0        0.0        0.0   0.0139235  0.0
g[5,4,:,:] = 6×6 Matrix{Float64}:
 0.0  0.0  0.0  0.0        0.0        0.0
 0.0  0.0  0.0  0.0        0.0        0.0
 0.0  0.0  0.0  0.0        0.0        0.0
 0.0  0.0  0.0  0.0        0.0168691  0.0
 0.0  0.0  0.0  0.0168691  0.0        0.0
 0.0  0.0  0.0  0.0        0.0        0.0
g[5,5,:,:] = 6×6 Matrix{Float64}:
  0.396356     -0.00420873   0.00466039  0.0       0.0        0.000694295
 -0.00420873    0.269429    -0.00578392  0.0       0.0       -0.0165657
  0.00466039   -0.00578392   0.28217     0.0       0.0       -0.00206545
  0.0           0.0          0.0         0.279207  0.0        0.0
  0.0           0.0          0.0         0.0       0.312946   0.0
  0.000694295  -0.0165657   -0.00206545  0.0       0.0        0.268265
g[5,6,:,:] = 6×6 Matrix{Float64}:
  0.0          0.0       0.0        0.0  -0.00592704  0.0
  0.0          0.0       0.0        0.0  -0.018885    0.0
  0.0          0.0       0.0        0.0   0.0139235   0.0
  0.0          0.0       0.0        0.0   0.0         0.0
 -0.00592704  -0.018885  0.0139235  0.0   0.0         0.0194054
  0.0          0.0       0.0        0.0   0.0194054   0.0
g[6,1,:,:] = 6×6 Matrix{Float64}:
  0.0531059   -0.0088285    0.00248149  0.0          0.0           0.00870993
 -0.0088285   -0.00715803  -0.00128142  0.0          0.0          -7.92524e-5
  0.00248149  -0.00128142   0.0105106   0.0          0.0          -0.00463011
  0.0          0.0          0.0         0.000694295  0.0           0.0
  0.0          0.0          0.0         0.0          0.000694295   0.0
  0.00870993  -7.92524e-5  -0.00463011  0.0          0.0          -0.0030884
g[6,2,:,:] = 6×6 Matrix{Float64}:
 -0.0425639    0.00463841  -0.000592691   0.0         0.0        -7.92524e-5
  0.00463841   0.129745     0.0331983     0.0         0.0         0.12455
 -0.000592691  0.0331983   -0.0140438     0.0         0.0         0.0315899
  0.0          0.0          0.0          -0.0165657   0.0         0.0
  0.0          0.0          0.0           0.0        -0.0165657   0.0
 -7.92524e-5   0.12455      0.0315899     0.0         0.0         0.132092
g[6,3,:,:] = 6×6 Matrix{Float64}:
 -0.0170785   0.00385431   0.00435667   0.0          0.0         -0.00463011
  0.00385431  0.052568     0.00767336   0.0          0.0          0.0315899
  0.00435667  0.00767336  -0.0368383    0.0          0.0          0.0275105
  0.0         0.0          0.0         -0.00206545   0.0          0.0
  0.0         0.0          0.0          0.0         -0.00206545   0.0
 -0.00463011  0.0315899    0.0275105    0.0          0.0          0.0428452
g[6,4,:,:] = 6×6 Matrix{Float64}:
  0.0          0.0       0.0        -0.00592704  0.0  0.0
  0.0          0.0       0.0        -0.018885    0.0  0.0
  0.0          0.0       0.0         0.0139235   0.0  0.0
 -0.00592704  -0.018885  0.0139235   0.0         0.0  0.0194054
  0.0          0.0       0.0         0.0         0.0  0.0
  0.0          0.0       0.0         0.0194054   0.0  0.0
g[6,5,:,:] = 6×6 Matrix{Float64}:
  0.0          0.0       0.0        0.0  -0.00592704  0.0
  0.0          0.0       0.0        0.0  -0.018885    0.0
  0.0          0.0       0.0        0.0   0.0139235   0.0
  0.0          0.0       0.0        0.0   0.0         0.0
 -0.00592704  -0.018885  0.0139235  0.0   0.0         0.0194054
  0.0          0.0       0.0        0.0   0.0194054   0.0
g[6,6,:,:] = 6×6 Matrix{Float64}:
  0.362892    0.00329995  0.0105336  0.0       0.0       -0.0030884
  0.00329995  0.454029    0.0397106  0.0       0.0        0.132092
  0.0105336   0.0397106   0.24201    0.0       0.0        0.0428452
  0.0         0.0         0.0        0.268265  0.0        0.0
  0.0         0.0         0.0        0.0       0.268265   0.0
 -0.0030884   0.132092    0.0428452  0.0       0.0        0.448316
6×6 Matrix{Float64}:
  1.67311     0.100814   -0.140616   0.0        0.0         0.0577443
  0.100814    0.506618    0.0342366  0.0        0.0        -0.120917
 -0.140616    0.0342366   0.0327718  0.0        0.0        -0.0356798
  0.0         0.0         0.0        0.0319684  0.0         0.0
  0.0         0.0         0.0        0.0        0.0319684   0.0
  0.0577443  -0.120917   -0.0356798  0.0        0.0         0.13326
6×6 Matrix{Float64}:
  2.02553     0.100814   -0.152581   0.0       0.0        0.0459478
  0.100814    0.859036    0.0318026  0.0       0.0       -0.0871815
 -0.152581    0.0318026   0.616796   0.0       0.0       -0.0354895
  0.0         0.0         0.0        0.665785  0.0        0.0
  0.0         0.0         0.0        0.0       0.665785   0.0
  0.0459478  -0.0871815  -0.0354895  0.0       0.0        0.816922
6×6 Matrix{Float64}:
 -4.72735    -0.100649    0.156209   -0.0      -0.0      -0.0374436
 -0.100649   -1.49225    -0.0244439  -0.0      -0.0       0.0488903
  0.156209   -0.0244439  -1.12335     0.0      -0.0       0.0259755
 -0.0        -0.0         0.0        -1.13524  -0.0      -0.0
 -0.0        -0.0        -0.0         0.0      -1.13524  -0.0
 -0.0374436   0.0488903   0.0259755  -0.0      -0.0      -0.950694
6×6 Matrix{Float64}:
 -2.3489        1.80006e-10   7.72724e-11  0.0       0.0        7.91151e-12
  1.80006e-10  -0.284759      7.26117e-9   0.0       0.0        4.77088e-10
  7.72724e-11   7.26117e-9    0.0781625    0.0       0.0       -3.21099e-9
  0.0           0.0           0.0          0.163944  0.0        0.0
  0.0           0.0           0.0          0.0       0.163944   0.0
  7.91146e-12   4.77088e-10  -3.21099e-9   0.0       0.0        0.54603
F_e0.2122732003778749
0.44303317919661067
0.2122732003778749
0.44303317919661067
0.2122732003778749
0.4588750079188154
0.2122732003778749
1.691632408931181
0.2122732003778749
8.168086056379476
gamma_pre[0.23075997881873578, 0.23075997881873578, 0.24660180754094052, 1.479359208553306, 7.955812856001601] pre_gamma
[1.0 1.0 1.0 1.0 1.0 1.0; 1.0 1.0 1.0 1.0 1.0 1.0; 2.5521371611619723 0.41494046739624146 1.0 1.0 1.0 1.0; 2.6127642033746286 0.4755675096088976 1.0 1.0 1.0 1.0; 2.6127642033746286 0.4755675096088976 1.0 1.0 1.0 1.0; 2.9842682816675943 0.8470715879018633 1.0 1.0 1.0 1.0] pre_t1
[1.0 1.0 2.782897139980708 2.8435241821933643 2.8435241821933643 3.21502826048633; 1.0 1.0 2.782897139980708 2.8435241821933643 2.8435241821933643 3.21502826048633; 1.0 1.0 2.7987389687029127 2.859366010915569 2.859366010915569 3.2308700892085347; 1.0 1.0 4.031496369715279 4.092123411927934 4.092123411927934 4.4636274902209; 1.0 1.0 10.507950017163573 10.56857705937623 10.56857705937623 10.940081137669196;;; 1.0 1.0 0.6457004462149772 0.7063274884276334 0.7063274884276334 1.077831566720599; 1.0 1.0 0.6457004462149772 0.7063274884276334 0.7063274884276334 1.077831566720599; 1.0 1.0 0.661542274937182 0.7221693171498381 0.7221693171498381 1.0936733954428037; 1.0 1.0 1.8942996759495476 1.9549267181622036 1.9549267181622036 2.3264307964551696; 1.0 1.0 8.370753323397842 8.431380365610499 8.431380365610499 8.802884443903464;;; 1.0 1.0 1.0 1.0 1.0 1.0; 1.0 1.0 1.0 1.0 1.0 1.0; 1.0 1.0 1.0 1.0 1.0 1.0; 1.0 1.0 1.0 1.0 1.0 1.0; 1.0 1.0 1.0 1.0 1.0 1.0;;; 1.0 1.0 1.0 1.0 1.0 1.0; 1.0 1.0 1.0 1.0 1.0 1.0; 1.0 1.0 1.0 1.0 1.0 1.0; 1.0 1.0 1.0 1.0 1.0 1.0; 1.0 1.0 1.0 1.0 1.0 1.0;;; 1.0 1.0 1.0 1.0 1.0 1.0; 1.0 1.0 1.0 1.0 1.0 1.0; 1.0 1.0 1.0 1.0 1.0 1.0; 1.0 1.0 1.0 1.0 1.0 1.0; 1.0 1.0 1.0 1.0 1.0 1.0;;; 1.0 1.0 1.0 1.0 1.0 1.0; 1.0 1.0 1.0 1.0 1.0 1.0; 1.0 1.0 1.0 1.0 1.0 1.0; 1.0 1.0 1.0 1.0 1.0 1.0; 1.0 1.0 1.0 1.0 1.0 1.0] pre_s
