g[1,1,:,:]  =   [1.66049649,    0.10756785,   -0.13770183   , 0.00000000   , 0.00000000   , 0.05310587,
                 0.10756785,    0.36503420,   -0.01316599   , 0.00000000   ,-0.00000000   , 0.04256394,
                -0.13770183,   -0.01316599,    0.39460535   ,-0.00000000   , 0.00000000   , 0.01707854,
                 0.00000000,    0.00000000,   -0.00000000   , 0.39635621   , 0.00000000   ,-0.00000000,
                 0.00000000,   -0.00000000,    0.00000000   , 0.00000000   , 0.39635621   ,-0.00000000,
                 0.05310587,    0.04256394,    0.01707854   ,-0.00000000   ,-0.00000000   , 0.36289223]

      
g[1,2,:,:]   =   [0.10756785,    0.01261542,   -0.01073199,    0.00000000,    0.00000000,    0.00882850, 
                  0.01261542,   -0.00675370,   -0.00291400,    0.00000000,    0.00000000,    0.00463841,
                 -0.01073199,   -0.00291400,    0.01094968,   -0.00000000,   -0.00000000,    0.00385431,
                  0.00000000,    0.00000000,   -0.00000000,    0.00420873,    0.00000000,   -0.00000000,
                  0.00000000,    0.00000000,   -0.00000000,    0.00000000,    0.00420873,   -0.00000000,
                  0.00882850,    0.00463841,    0.00385431,   -0.00000000,   -0.00000000,   -0.00329995]
 

g[1,3,:,:] = [-0.13770183,   -0.01073199,    0.02123556,   -0.00000000,   -0.00000000,    -0.00248149,
              -0.01073199,   -0.01487925,    0.00031576,   -0.00000000,   -0.00000000,    -0.00059269,
               0.02123556,    0.00031576,    0.00153815,    0.00000000,    0.00000000,     0.00435667,
              -0.00000000,   -0.00000000,    0.00000000,   -0.00466039,   -0.00000000,    -0.00000000,
              -0.00000000,   -0.00000000,    0.00000000,   -0.00000000,   -0.00466039,    -0.00000000,
              -0.00248149,   -0.00059269,    0.00435667,   -0.00000000,   -0.00000000,    -0.01053362]


g[1,4,:,:] =  [0.00000000,    0.00000000,   -0.00000000,    0.00975115,    0.00000000,   0.00000000, 
               0.00000000,    0.00000000,   -0.00000000,   -0.00713347,    0.00000000,   0.00000000,
              -0.00000000,   -0.00000000,    0.00000000,    0.01044508,   -0.00000000,  -0.00000000,
               0.00975115,   -0.00713347,    0.01044508,   -0.00000000,   -0.00000000,  -0.00592704,
               0.00000000,    0.00000000,   -0.00000000,   -0.00000000,    0.00000000,   0.00000000,
               0.00000000,    0.00000000,   -0.00000000,   -0.00592704,    0.00000000,   0.00000000]

 
g[1,5,:,:] = [0.00000000,    0.00000000,   -0.00000000,    0.00000000,    0.00975115, -0.00000000, 
              0.00000000,    0.00000000,   -0.00000000,    0.00000000,   -0.00713347,  -0.00000000,
             -0.00000000,   -0.00000000,    0.00000000,   -0.00000000,    0.01044508,  -0.00000000,
              0.00000000,    0.00000000,   -0.00000000,   -0.00000000,   -0.00000000,   0.00000000,
              0.00975115,   -0.00713347,    0.01044508,   -0.00000000,   -0.00000000,  -0.00592704,
             -0.00000000,   -0.00000000,   -0.00000000,    0.00000000,   -0.00592704,   0.00000000]

            
g[1,6,:,:] = [0.05310587,    0.00882850,   -0.00248149,    0.00000000,  -0.00000000,  0.00870993 
              0.00882850,   -0.00715803,   -0.00128142,   -0.00000000,   0.00000000,  0.00007925
             -0.00248149,   -0.00128142,    0.01051061,   -0.00000000,  -0.00000000,  0.00463011
              0.00000000,   -0.00000000,   -0.00000000,    0.00069430,   0.00000000, -0.00000000
             -0.00000000,    0.00000000,   -0.00000000,    0.00000000,   0.00069430, -0.00000000
              0.00870993,    0.00007925,    0.00463011,   -0.00000000,  -0.00000000, -0.00308840]
 
g[2,1,:,:] =   [0.10756785  ,  0.01261542  , -0.01073199  ,  0.00000000  ,  0.00000000  ,     0.00882850,
                0.01261542  , -0.00675370  , -0.00291400  ,  0.00000000  ,  0.00000000  ,     0.00463841,
               -0.01073199  , -0.00291400  ,  0.01094968  , -0.00000000  , -0.00000000  ,     0.00385431,
                0.00000000  ,  0.00000000  , -0.00000000  ,  0.00420873  ,  0.00000000  ,    -0.00000000,
                0.00000000  ,  0.00000000  , -0.00000000  ,  0.00000000  ,  0.00420873  ,    -0.00000000,
                0.00882850  ,  0.00463841  ,  0.00385431  , -0.00000000  , -0.00000000  ,    -0.00329995]
 
g[2,2,:,:]  =   [0.36503420  , -0.00675370  , -0.01487925  ,  0.00000000  ,  0.00000000  , -0.00715803,
               -0.00675370  ,  0.49400219  ,  0.04496855  ,  0.00000000  , -0.00000000  , -0.12974540,
               -0.01487925  ,  0.04496855  ,  0.22219045  ,  0.00000000  ,  0.00000000  , -0.05256801,
                0.00000000  ,  0.00000000  ,  0.00000000  ,  0.26942878  , -0.00000000  ,  0.00000000,
                0.00000000  , -0.00000000  ,  0.00000000  , -0.00000000  ,  0.26942878  ,  0.00000000,
               -0.00715803  , -0.12974540  , -0.05256801  ,  0.00000000  ,  0.00000000  ,  0.45402937]
               
 
g[2,3,:,:] =     [-0.01316599,   -0.00291400,    0.00031576,   -0.00000000,   -0.00000000,     -0.00128142 ,
                 -0.00291400,    0.04496855,    0.01153625,    0.00000000,    0.00000000,     -0.03319830 ,
                  0.00031576,    0.01153625,   -0.00525060,   -0.00000000,   -0.00000000,     -0.00767336 ,
                 -0.00000000,    0.00000000,   -0.00000000,   -0.00578392,    0.00000000,      0.00000000 ,
                 -0.00000000,    0.00000000,   -0.00000000,    0.00000000,   -0.00578392,      0.00000000 ,
                 -0.00128142,   -0.03319830,   -0.00767336,    0.00000000,    0.00000000,      0.03971056]
 
g[2,4,:,:] =      [0.00000000,    0.00000000,   -0.00000000,   -0.00713347,    0.00000000,      -0.00000000,
                  0.00000000,    0.00000000,    0.00000000,    0.02221726,   -0.00000000,       -0.00000000,
                 -0.00000000,    0.00000000,   -0.00000000,   -0.01907618,    0.00000000,        0.00000000,
                 -0.00713347,    0.02221726,   -0.01907618,    0.00000000,    0.00000000,        0.01888499,
                  0.00000000,   -0.00000000,    0.00000000,    0.00000000,    0.00000000,       -0.00000000,
                 -0.00000000,   -0.00000000,    0.00000000,    0.01888499,   -0.00000000,        0.00000000]
 
g[2,5,:,:] =     [-0.00000000,    0.00000000,   -0.00000000,    0.00000000,   -0.00713347,       0.00000000 , 
                  0.00000000,   -0.00000000,    0.00000000,   -0.00000000,    0.02221726,        0.00000000 ,
                 -0.00000000,    0.00000000,   -0.00000000,    0.00000000,   -0.01907618,        0.00000000 ,
                  0.00000000,   -0.00000000,    0.00000000,    0.00000000,    0.00000000,       -0.00000000 ,
                 -0.00713347,    0.02221726,   -0.01907618,    0.00000000,    0.00000000,        0.01888499 ,
                  0.00000000,    0.00000000,    0.00000000,   -0.00000000,    0.01888499,       -0.00000000]
 
 
g[2,6,:,:] =      [0.04256394,    0.00463841,   -0.00059269,    0.00000000,   -0.00000000,       0.00007925 ,
                  0.00463841,   -0.12974540,   -0.03319830,   -0.00000000,    0.00000000,        0.12454975 ,
                 -0.00059269,   -0.03319830,    0.01404381,   -0.00000000,   -0.00000000,        0.03158988 ,
                  0.00000000,   -0.00000000,   -0.00000000,    0.01656568,   -0.00000000,       -0.00000000 ,
                 -0.00000000,    0.00000000,   -0.00000000,    0.00000000,    0.01656568,       -0.00000000 ,
                  0.00007925,    0.12454975,    0.03158988,   -0.00000000,   -0.00000000,       -0.13209189]

 
g[3,1,:,:] =    [-0.13770183,   -0.01073199,    0.02123556,   -0.00000000,   -0.00000000,    -0.00248149, 
   -0.01073199,   -0.01487925,    0.00031576,   -0.00000000,   -0.00000000,    -0.00059269,
    0.02123556,    0.00031576,    0.00153815,    0.00000000,    0.00000000,     0.00435667,
   -0.00000000,   -0.00000000,    0.00000000,   -0.00466039,   -0.00000000,    -0.00000000,
   -0.00000000,   -0.00000000,    0.00000000,   -0.00000000,   -0.00466039,    -0.00000000,
   -0.00248149,   -0.00059269,    0.00435667,   -0.00000000,   -0.00000000,    -0.01053362]
 
g[3,2,:,:] =    [-0.01316599,   -0.00291400,    0.00031576,   -0.00000000,   -0.00000000,    -0.00128142,
   -0.00291400,    0.04496855,    0.01153625,    0.00000000,    0.00000000,    -0.03319830,
    0.00031576,    0.01153625,   -0.00525060,   -0.00000000,   -0.00000000,    -0.00767336,
   -0.00000000,    0.00000000,   -0.00000000,   -0.00578392,    0.00000000,     0.00000000,
   -0.00000000,    0.00000000,   -0.00000000,    0.00000000,   -0.00578392,     0.00000000,
   -0.00128142,   -0.03319830,   -0.00767336,    0.00000000,    0.00000000,     0.03971056]
 
g[3,3,:,:] =     0.39460535,    0.01094968,    0.00153815,    0.00000000,    0.00000000,     0.01051061,  
    0.01094968,    0.22219045,   -0.00525060,   -0.00000000,   -0.00000000,     0.01404381, 
    0.00153815,   -0.00525060,    0.33601307,    0.00000000,    0.00000000,     0.03683828, 
    0.00000000,   -0.00000000,    0.00000000,    0.28216993,   -0.00000000,    -0.00000000, 
    0.00000000,   -0.00000000,    0.00000000,   -0.00000000,    0.28216993,    -0.00000000, 
    0.01051061,    0.01404381,    0.03683828,   -0.00000000,   -0.00000000,     0.24200960]
 
g[3,4,:,:] =    [-0.00000000,   -0.00000000,    0.00000000,    0.01044508,   -0.00000000,    -0.00000000, 
   -0.00000000,    0.00000000,   -0.00000000,   -0.01907618,    0.00000000,    -0.00000000,
    0.00000000,   -0.00000000,    0.00000000,    0.04284171,   -0.00000000,    -0.00000000,
    0.01044508,   -0.01907618,    0.04284171,   -0.00000000,   -0.00000000,    -0.01392352,
   -0.00000000,    0.00000000,   -0.00000000,   -0.00000000,   -0.00000000,     0.00000000,
   -0.00000000,   -0.00000000,   -0.00000000,   -0.01392352,    0.00000000,     0.00000000]
 
g[3,5,:,:] =     [0.00000000,   -0.00000000,    0.00000000,   -0.00000000,    0.01044508,    -0.00000000,  
   -0.00000000,    0.00000000,   -0.00000000,    0.00000000,   -0.01907618,    -0.00000000, 
    0.00000000,   -0.00000000,    0.00000000,   -0.00000000,    0.04284171,    -0.00000000, 
   -0.00000000,    0.00000000,   -0.00000000,   -0.00000000,   -0.00000000,     0.00000000, 
    0.01044508,   -0.01907618,    0.04284171,   -0.00000000,   -0.00000000,    -0.01392352, 
   -0.00000000,   -0.00000000,   -0.00000000,    0.00000000,   -0.01392352,     0.00000000]
 
g[3,6,:,:] =     [    0.01707854,    0.00385431,    0.00435667,   -0.00000000,   -0.00000000,     0.00463011, 
    0.00385431,   -0.05256801,   -0.00767336,    0.00000000,    0.00000000,     0.03158988,
    0.00435667,   -0.00767336,    0.03683828,   -0.00000000,   -0.00000000,     0.02751048,
   -0.00000000,    0.00000000,   -0.00000000,    0.00206545,    0.00000000,     0.00000000,
   -0.00000000,    0.00000000,   -0.00000000,    0.00000000,    0.00206545,    -0.00000000,
    0.00463011,    0.03158988,    0.02751048,    0.00000000,   -0.00000000,    -0.04284521]

 
g[4,1,:,:] =     [0.00000000,    0.00000000,   -0.00000000,    0.00975115,    0.00000000,     0.00000000, 
    0.00000000,    0.00000000,   -0.00000000,   -0.00713347,    0.00000000,     0.00000000,
   -0.00000000,   -0.00000000,    0.00000000,    0.01044508,   -0.00000000,    -0.00000000,
    0.00975115,   -0.00713347,    0.01044508,   -0.00000000,   -0.00000000,    -0.00592704,
    0.00000000,    0.00000000,   -0.00000000,   -0.00000000,    0.00000000,     0.00000000,
    0.00000000,    0.00000000,   -0.00000000,   -0.00592704,    0.00000000,     0.00000000]

 
g[4,2,:,:] =     [ 0.00000000,    0.00000000,   -0.00000000,   -0.00713347,    0.00000000,    -0.00000000, 
    0.00000000,    0.00000000,    0.00000000,    0.02221726,   -0.00000000,    -0.00000000,
   -0.00000000,    0.00000000,   -0.00000000,   -0.01907618,    0.00000000,     0.00000000,
   -0.00713347,    0.02221726,   -0.01907618,    0.00000000,    0.00000000,     0.01888499,
    0.00000000,   -0.00000000,    0.00000000,    0.00000000,    0.00000000,    -0.00000000,
   -0.00000000,   -0.00000000,    0.00000000,    0.01888499,   -0.00000000,     0.00000000]
 
 g[4,3,:,:] =     [-0.00000000,   -0.00000000,    0.00000000,    0.01044508,   -0.00000000,    -0.00000000, 
   -0.00000000,    0.00000000,   -0.00000000,   -0.01907618,    0.00000000,    -0.00000000,
    0.00000000,   -0.00000000,    0.00000000,    0.04284171,   -0.00000000,    -0.00000000,
    0.01044508,   -0.01907618,    0.04284171,   -0.00000000,   -0.00000000,    -0.01392352,
   -0.00000000,    0.00000000,   -0.00000000,   -0.00000000,   -0.00000000,     0.00000000,
   -0.00000000,   -0.00000000,   -0.00000000,   -0.01392352,    0.00000000,     0.00000000]
 
g[4,4,:,:] =     [    0.39635621,    0.00420873,   -0.00466039,   -0.00000000,   -0.00000000,     0.00069430, 
    0.00420873,    0.26942878,   -0.00578392,    0.00000000,    0.00000000,     0.01656568,
   -0.00466039,   -0.00578392,    0.28216993,   -0.00000000,   -0.00000000,     0.00206545,
   -0.00000000,    0.00000000,   -0.00000000,    0.31294551,   -0.00000000,     0.00000000,
   -0.00000000,    0.00000000,   -0.00000000,    0.00000000,    0.27920723,    -0.00000000,
    0.00069430,    0.01656568,    0.00206545,    0.00000000,   -0.00000000,     0.26826544]

 
g[4,5,:,:] =     [0.00000000,    0.00000000,   -0.00000000,   -0.00000000,   -0.00000000,     0.00000000,
    0.00000000,   -0.00000000,    0.00000000,    0.00000000,    0.00000000,    -0.00000000,
   -0.00000000,    0.00000000,   -0.00000000,   -0.00000000,   -0.00000000,     0.00000000,
   -0.00000000,    0.00000000,   -0.00000000,   -0.00000000,    0.01686914,     0.00000000,
   -0.00000000,    0.00000000,   -0.00000000,    0.01686914,    0.00000000,     0.00000000,
    0.00000000,   -0.00000000,    0.00000000,    0.00000000,    0.00000000,     0.00000000]
 
g[4,6,:,:] =     [   -0.00000000,   -0.00000000,   -0.00000000,   -0.00592704,    0.00000000,    -0.00000000,
   -0.00000000,    0.00000000,    0.00000000,    0.01888499,   -0.00000000,    -0.00000000,
   -0.00000000,    0.00000000,   -0.00000000,   -0.01392352,    0.00000000,     0.00000000,
   -0.00592704,    0.01888499,   -0.01392352,    0.00000000,    0.00000000,     0.01940538,
    0.00000000,   -0.00000000,    0.00000000,    0.00000000,    0.00000000,     0.00000000,
   -0.00000000,   -0.00000000,    0.00000000,    0.01940538,    0.00000000,     0.00000000]
 
g[5,1,:,:] =     [    0.00000000,    0.00000000,   -0.00000000,    0.00000000,    0.00975115,    -0.00000000,
    0.00000000,    0.00000000,   -0.00000000,    0.00000000,   -0.00713347,    -0.00000000,
   -0.00000000,   -0.00000000,    0.00000000,   -0.00000000,    0.01044508,    -0.00000000,
    0.00000000,    0.00000000,   -0.00000000,   -0.00000000,   -0.00000000,     0.00000000,
    0.00975115,   -0.00713347,    0.01044508,   -0.00000000,   -0.00000000,    -0.00592704,
   -0.00000000,   -0.00000000,   -0.00000000,    0.00000000,   -0.00592704,     0.00000000]
 
g[5,2,:,:] =     [   -0.00000000,    0.00000000,   -0.00000000,    0.00000000,   -0.00713347,     0.00000000,
    0.00000000,   -0.00000000,    0.00000000,   -0.00000000,    0.02221726,     0.00000000,
   -0.00000000,    0.00000000,   -0.00000000,    0.00000000,   -0.01907618,     0.00000000,
    0.00000000,   -0.00000000,    0.00000000,    0.00000000,    0.00000000,    -0.00000000,
   -0.00713347,    0.02221726,   -0.01907618,    0.00000000,    0.00000000,     0.01888499,
    0.00000000,    0.00000000,    0.00000000,   -0.00000000,    0.01888499,    -0.00000000]
 
g[5,3,:,:] =     [    0.00000000,   -0.00000000,    0.00000000,   -0.00000000,    0.01044508,    -0.00000000,
   -0.00000000,    0.00000000,   -0.00000000,    0.00000000,   -0.01907618,    -0.00000000,
    0.00000000,   -0.00000000,    0.00000000,   -0.00000000,    0.04284171,    -0.00000000,
   -0.00000000,    0.00000000,   -0.00000000,   -0.00000000,   -0.00000000,     0.00000000,
    0.01044508,   -0.01907618,    0.04284171,   -0.00000000,   -0.00000000,    -0.01392352,
   -0.00000000,   -0.00000000,   -0.00000000,    0.00000000,   -0.01392352,     0.00000000]
 
g[5,4,:,:] =     [    0.00000000,    0.00000000,   -0.00000000,   -0.00000000,   -0.00000000,     0.00000000,
    0.00000000,   -0.00000000,    0.00000000,    0.00000000,    0.00000000,     0.00000000,
   -0.00000000,    0.00000000,   -0.00000000,   -0.00000000,   -0.00000000,     0.00000000,
   -0.00000000,    0.00000000,   -0.00000000,    0.00000000,    0.01686914,     0.00000000,
   -0.00000000,    0.00000000,   -0.00000000,    0.01686914,    0.00000000,     0.00000000,
    0.00000000,    0.00000000,    0.00000000,    0.00000000,    0.00000000,     0.00000000]
 
g[5,5,:,:] =     [    0.39635621,    0.00420873,   -0.00466039,    0.00000000,   -0.00000000,     0.00069430,
    0.00420873,    0.26942878,   -0.00578392,    0.00000000,    0.00000000,     0.01656568,
   -0.00466039,   -0.00578392,    0.28216993,   -0.00000000,   -0.00000000,     0.00206545,
    0.00000000,    0.00000000,   -0.00000000,    0.27920723,    0.00000000,     0.00000000,
   -0.00000000,    0.00000000,   -0.00000000,    0.00000000,    0.31294551,     0.00000000,
    0.00069430,    0.01656568,    0.00206545,    0.00000000,    0.00000000,     0.26826544]

 
 g[5,6,:,:] =     [  -0.00000000,   -0.00000000,   -0.00000000,    0.00000000,   -0.00592704,    -0.00000000, 
   -0.00000000,    0.00000000,    0.00000000,   -0.00000000,    0.01888499,    -0.00000000, 
   -0.00000000,    0.00000000,   -0.00000000,    0.00000000,   -0.01392352,    -0.00000000, 
    0.00000000,   -0.00000000,    0.00000000,   -0.00000000,    0.00000000,     0.00000000, 
   -0.00592704,    0.01888499,   -0.01392352,    0.00000000,    0.00000000,     0.01940538, 
   -0.00000000,   -0.00000000,   -0.00000000,   -0.00000000,    0.01940538,     0.00000000] 
 
 g[6,1,:,:] =     [   0.05310587,    0.00882850,   -0.00248149,    0.00000000,   -0.00000000,     0.00870993,
    0.00882850,   -0.00715803,   -0.00128142,   -0.00000000,    0.00000000,     0.00007925,
   -0.00248149,   -0.00128142,    0.01051061,   -0.00000000,   -0.00000000,     0.00463011,
    0.00000000,   -0.00000000,   -0.00000000,    0.00069430,    0.00000000,    -0.00000000,
   -0.00000000,    0.00000000,   -0.00000000,    0.00000000,    0.00069430,    -0.00000000,
    0.00870993,    0.00007925,    0.00463011,   -0.00000000,   -0.00000000,    -0.00308840] 

 g[6,2,:,:] =     [   0.04256394,    0.00463841,   -0.00059269,    0.00000000,   -0.00000000,     0.00007925, 
    0.00463841,   -0.12974540,   -0.03319830,   -0.00000000,    0.00000000,     0.12454975,
   -0.00059269,   -0.03319830,    0.01404381,   -0.00000000,   -0.00000000,     0.03158988,
    0.00000000,   -0.00000000,   -0.00000000,    0.01656568,   -0.00000000,    -0.00000000,
   -0.00000000,    0.00000000,   -0.00000000,    0.00000000,    0.01656568,    -0.00000000,
    0.00007925,    0.12454975,    0.03158988,   -0.00000000,   -0.00000000,    -0.13209189]
 
g[6,3,:,:] =     [   0.01707854,    0.00385431,    0.00435667,   -0.00000000,   -0.00000000,     0.00463011,
    0.00385431,   -0.05256801,   -0.00767336,    0.00000000,    0.00000000,     0.03158988,
    0.00435667,   -0.00767336,    0.03683828,   -0.00000000,   -0.00000000,     0.02751048,
   -0.00000000,    0.00000000,   -0.00000000,    0.00206545,    0.00000000,     0.00000000,
   -0.00000000,    0.00000000,   -0.00000000,    0.00000000,    0.00206545,    -0.00000000,
    0.00463011,    0.03158988,    0.02751048,    0.00000000,   -0.00000000,    -0.04284521]

g[6,4,:,:] =     [   -0.00000000,   -0.00000000,   -0.00000000,   -0.00592704,    0.00000000,    -0.00000000,
   -0.00000000,    0.00000000,    0.00000000,    0.01888499,   -0.00000000,    -0.00000000,
   -0.00000000,    0.00000000,   -0.00000000,   -0.01392352,    0.00000000,     0.00000000,
   -0.00592704,    0.01888499,   -0.01392352,    0.00000000,    0.00000000,     0.01940538,
    0.00000000,   -0.00000000,    0.00000000,    0.00000000,    0.00000000,    -0.00000000,
   -0.00000000,   -0.00000000,    0.00000000,    0.01940538,    0.00000000,     0.00000000]
 
g[6,5,:,:] =     [   -0.00000000,   -0.00000000,   -0.00000000,    0.00000000,   -0.00592704,    -0.00000000,
   -0.00000000,    0.00000000,    0.00000000,   -0.00000000,    0.01888499,    -0.00000000,
   -0.00000000,    0.00000000,   -0.00000000,    0.00000000,   -0.01392352,    -0.00000000,
    0.00000000,   -0.00000000,    0.00000000,   -0.00000000,    0.00000000,     0.00000000,
   -0.00592704,    0.01888499,   -0.01392352,    0.00000000,    0.00000000,     0.01940538,
   -0.00000000,   -0.00000000,   -0.00000000,    0.00000000,    0.01940538,     0.00000000]
 
g[6,6,:,:] =     [    0.36289223,   -0.00329995,   -0.01053362,    0.00000000,    0.00000000,    -0.00308840,
   -0.00329995,    0.45402937,    0.03971056,    0.00000000,   -0.00000000,    -0.13209189,
   -0.01053362,    0.03971056,    0.24200960,    0.00000000,    0.00000000,    -0.04284521,
    0.00000000,    0.00000000,    0.00000000,    0.26826544,    0.00000000,     0.00000000,
    0.00000000,   -0.00000000,    0.00000000,    0.00000000,    0.26826544,     0.00000000,
   -0.00308840,   -0.13209189,   -0.04284521,    0.00000000,    0.00000000,     0.44831637]
